Distance (m),Elevation (m),Latitude,Longitude
0,218.7569427490234,44.93907,-93.03115000000003
3.008341169334475,218.9951171875,44.93906702864443,-93.03111205379236
6.01668233866895,219.2651977539062,44.93906405727629,-93.03107410758861
9.025023508003425,219.5278778076172,44.93906108589559,-93.03103616138878
12.0333646773379,219.6146240234375,44.93905811450232,-93.03099821519294
15.041705846672375,219.631103515625,44.93905514309649,-93.03096026900096
18.05004701600685,219.6347045898438,44.93905217167809,-93.03092232281296
21.058388185341325,219.6173553466797,44.93904920024712,-93.03088437662888
24.0667293546758,219.5751190185547,44.93904622880358,-93.03084643044872
27.075070524010275,219.4388427734375,44.93904325734749,-93.03080848427248
30.08341169334475,219.0966644287109,44.93904028587882,-93.03077053810017
33.09175286267923,218.7682495117188,44.9390373143976,-93.03073259193178
36.1000940320137,218.7515106201172,44.93903434290381,-93.03069464576731
39.10843520134817,218.8186340332031,44.93903137139744,-93.03065669960682
42.11677637068265,218.8950805664062,44.93902839987852,-93.0306187534502
45.12511754001713,218.98876953125,44.93902542834703,-93.03058080729755
48.1334587093516,219.0921325683594,44.93902245680297,-93.03054286114883
51.14179987868607,219.1738891601562,44.93901948524636,-93.03050491500397
54.15014104802055,219.1923828125,44.93901651367716,-93.0304669688631
57.15848221735503,219.2086639404297,44.93901354209541,-93.03042902272614
60.1668233866895,219.4081420898438,44.93901057050109,-93.0303910765931
63.17516455602397,219.6404418945312,44.93900759889421,-93.030353130464
66.18350572535846,219.9162445068359,44.93900462727476,-93.03031518433886
69.19184689469293,220.2538452148438,44.93900165564275,-93.0302772382176
72.2001880640274,220.6411590576172,44.93899868399816,-93.03023929210025
75.20852923336187,221.0998840332031,44.93899571234102,-93.03020134598688
78.21687040269634,221.7367248535156,44.93899274067131,-93.03016339987744
81.22521157203083,222.3479919433594,44.93898976898903,-93.03012545377186
84.2335527413653,222.8578033447266,44.93898679729418,-93.03008750767026
87.24189391069977,223.3195953369141,44.93898382558678,-93.03004956157258
90.25023508003426,223.750244140625,44.9389808538668,-93.03001161547883
93.25857624936873,224.1587219238281,44.93897788213427,-93.029973669389
96.2669174187032,224.553955078125,44.93897491038916,-93.02993572330308
99.27525858803767,224.9774322509766,44.93897193863149,-93.02989777722115
102.28359975737214,225.5104217529297,44.93896896686125,-93.02985983114309
105.29194092670663,226.0712280273438,44.93896599507845,-93.02982188506894
108.3002820960411,226.7706604003906,44.93896302328308,-93.02978393899878
111.30862326537557,227.5629425048828,44.93896005147515,-93.02974599293253
114.31696443471006,228.357421875,44.93895707965465,-93.02970804687021
117.32530560404453,229.0924987792969,44.93895410782159,-93.02967010081181
120.333646773379,229.8168792724609,44.93895113597597,-93.02963215475734
123.34198794271347,230.3560791015625,44.93894816411777,-93.02959420870678
126.35032911204794,230.5460357666016,44.93894519224701,-93.02955626266015
129.35867028138242,230.7061157226562,44.93894222036369,-93.0295183166175
132.36701145071692,230.7121734619141,44.9389392484678,-93.02948037057871
135.3753526200514,230.5968170166016,44.93893627655934,-93.0294424245439
138.38369378938586,230.5424194335938,44.9389333046383,-93.02940447851296
141.39203495872033,230.6732788085938,44.93893033270471,-93.029366532486
144.4003761280548,230.8629913330078,44.93892736075858,-93.02932858646295
147.40871729738927,231.4294586181641,44.93892438879985,-93.02929064044383
150.41705846672374,232.4746246337891,44.93892141682857,-93.02925269442864
153.42539963605822,233.6661987304688,44.93891844484473,-93.02921474841736
156.4337408053927,235.1173858642578,44.93891547284831,-93.02917680241
159.4420819747272,236.8211975097656,44.93891250083933,-93.02913885640663
162.45042314406166,238.5626068115234,44.93890952881778,-93.02910091040712
165.45876431339613,240.4414215087891,44.93890655678368,-93.0290629644116
168.4671054827306,242.3606567382812,44.93890358473699,-93.02902501841999
171.47544665206507,244.2239990234375,44.93890061267776,-93.0289870724323
174.48378782139955,246.0370483398438,44.93889764060595,-93.02894912644854
177.49212899073402,247.7642211914062,44.93889466852158,-93.02891118046864
180.50047016006852,249.2132110595703,44.93889169642463,-93.02887323449272
183.508811329403,250.2931060791016,44.93888872431513,-93.02883528852078
186.51715249873746,251.3449401855469,44.93888575219306,-93.0287973425527
189.52549366807193,252.3002471923828,44.93888278005843,-93.02875939658861
192.5338348374064,253.2085571289062,44.93887980791123,-93.02872145062838
195.54217600674087,254.5135040283203,44.93887683575146,-93.02868350467213
198.55051717607535,256.2026672363281,44.93887386357913,-93.0286455587198
201.55885834540982,258.0206604003906,44.93887089139423,-93.0286076127714
204.5671995147443,259.7961730957031,44.93886791919677,-93.02856966682691
207.5755406840788,261.5172729492188,44.93886494698675,-93.02853172088635
210.58388185341326,263.2450561523438,44.93886197476415,-93.02849377494971
213.59222302274773,264.2078247070312,44.93885900252899,-93.02845582901705
216.6005641920822,265.1373291015625,44.93885603028127,-93.02841788308825
219.60890536141667,265.8546752929688,44.93885305802098,-93.02837993716344
222.61724653075115,266.3935241699219,44.93885008574812,-93.02834199124248
225.62558770008562,266.8824462890625,44.93884711346271,-93.02830404532551
228.63392886942012,267.3887939453125,44.93884414116473,-93.02826609941246
231.6422700387546,267.9222717285156,44.93884116885418,-93.02822815350333
234.65061120808906,268.4593200683594,44.93883819653106,-93.02819020759813
237.65895237742353,268.8651733398438,44.93883522419537,-93.02815226169685
240.667293546758,269.2635498046875,44.93883225184713,-93.02811431579954
243.67563471609247,269.6260986328125,44.93882927948632,-93.0280763699061
246.68397588542695,269.9519958496094,44.93882630711294,-93.02803842401664
249.69231705476142,270.2596130371094,44.938823334727,-93.02800047813105
252.7006582240959,270.5347595214844,44.93882036232849,-93.02796253224943
255.7089993934304,270.765380859375,44.93881738991742,-93.02792458637174
258.71734056276483,271.0239562988281,44.93881441749378,-93.02788664049797
261.7256817320993,271.4590148925781,44.93881144505757,-93.02784869462812
264.73402290143383,271.9460144042969,44.93880847260881,-93.02781074876225
267.7423640707683,272.6422119140625,44.93880550014747,-93.02777280290024
270.7507052401028,273.6051940917969,44.93880252767357,-93.02773485704222
273.75904640943725,274.6613159179688,44.9387995551871,-93.02769691118806
276.7673875787717,275.7336120605469,44.93879658268806,-93.02765896533788
279.7757287481062,276.8111267089844,44.93879361017648,-93.02762101949162
282.78406991744066,277.8335571289062,44.9387906376523,-93.02758307364928
285.79241108677513,278.668212890625,44.93878766511558,-93.02754512781087
288.8007522561096,279.4190368652344,44.93878469256629,-93.02750718197638
291.8090934254441,280.0645141601562,44.93878172000444,-93.02746923614586
294.81743459477855,280.5418090820312,44.93877874743001,-93.02743129031921
297.825775764113,280.9866638183594,44.93877577484303,-93.02739334449655
300.8341169334475,281.2033081054688,44.93877280224346,-93.02735539867774
303.84245810278196,281.2456665039062,44.93876982963135,-93.02731745286292
306.85079927211643,281.2451477050781,44.93876685700666,-93.02727950705201
309.8591404414509,281.1492309570312,44.93876388436941,-93.02724156124503
312.8674816107854,280.9966430664062,44.9387609117196,-93.02720361544198
315.8758227801199,280.7639770507812,44.93875793905723,-93.02716566964284
318.8841639494544,280.3431396484375,44.93875496638228,-93.02712772384768
321.89250511878885,279.9312438964844,44.93875199369477,-93.02708977805639
324.9008462881233,279.4439392089844,44.93874902099468,-93.02705183226908
327.9091874574578,278.9114074707031,44.93874604828204,-93.02701388648569
330.91752862679226,278.3842468261719,44.93874307555683,-93.02697594070622
333.92586979612673,277.867919921875,44.93874010281907,-93.02693799493068
336.9342109654612,277.3667602539062,44.93873713006872,-93.02690004915905
339.9425521347957,276.9126892089844,44.93873415730582,-93.02686210339135
342.95089330413015,276.6604614257812,44.93873118453035,-93.02682415762763
345.9592344734646,276.4205932617188,44.93872821174232,-93.02678621186777
348.9675756427991,276.2242736816406,44.93872523894172,-93.0267482661119
351.97591681213356,276.0604553222656,44.93872226612856,-93.02671032035994
354.98425798146803,275.905517578125,44.93871929330282,-93.0266723746119
357.9925991508025,275.7487182617188,44.93871632046454,-93.0266344288678
361.00094032013703,275.5929565429688,44.93871334761368,-93.0265964831276
364.0092814894715,275.4679870605469,44.93871037475024,-93.02655853739134
367.017622658806,275.380859375,44.93870740187426,-93.02652059165905
370.02596382814045,275.2995300292969,44.9387044289857,-93.02648264593063
373.0343049974749,275.2557983398438,44.93870145608458,-93.02644470020618
376.0426461668094,275.2321166992188,44.9386984831709,-93.0264067544856
379.05098733614386,275.244873046875,44.93869551024464,-93.026368808769
382.05932850547833,275.3327026367188,44.93869253730583,-93.02633086305633
385.0676696748128,275.4987182617188,44.93868956435444,-93.02629291734763
388.0760108441473,275.6929931640625,44.93868659139049,-93.02625497164274
391.08435201348175,275.9127197265625,44.93868361841398,-93.02621702594189
394.0926931828162,276.1308898925781,44.9386806454249,-93.0261790802449
397.1010343521507,276.3333435058594,44.93867767242327,-93.02614113455189
400.10937552148516,276.50927734375,44.93867469940906,-93.0261031888628
403.11771669081963,276.6487426757812,44.93867172638227,-93.02606524317764
406.1260578601541,276.7705383300781,44.93866875334294,-93.0260272974964
409.1343990294886,276.8766784667969,44.93866578029103,-93.02598935181908
412.1427401988231,276.9452209472656,44.93866280722656,-93.02595140614574
415.1510813681576,276.9423217773438,44.93865983414953,-93.02591346047626
418.15942253749205,276.9202575683594,44.93865686105993,-93.0258755148107
421.1677637068265,276.949951171875,44.93865388795776,-93.02583756914913
424.176104876161,277.0180358886719,44.93865091484303,-93.02579962349148
427.18444604549546,277.1321411132812,44.93864794171573,-93.02576167783775
430.19278721482993,277.41943359375,44.93864496857588,-93.02572373218794
433.2011283841644,277.8104858398438,44.93864199542345,-93.02568578654206
436.2094695534989,278.2098693847656,44.93863902225846,-93.02564784090009
439.21781072283335,278.6304321289062,44.9386360490809,-93.02560989526211
442.2261518921678,279.0316162109375,44.93863307589078,-93.02557194962804
445.2344930615023,279.2539672851562,44.93863010268809,-93.0255340039979
448.24283423083676,279.2682495117188,44.93862712947283,-93.02549605837163
451.25117540017123,279.2204284667969,44.93862415624502,-93.02545811274933
454.2595165695057,278.90087890625,44.93862118300463,-93.02542016713096
457.26785773884023,278.4546508789062,44.93861820975169,-93.02538222151657
460.2761989081747,277.9330749511719,44.93861523648617,-93.02534427590604
463.2845400775092,277.2950439453125,44.9386122632081,-93.02530633029949
466.29288124684365,276.6011962890625,44.93860928991746,-93.0252683846968
469.3012224161781,275.8477172851562,44.93860631661425,-93.0252304390981
472.3095635855126,274.9895629882812,44.93860334329847,-93.02519249350331
475.31790475484706,274.1309509277344,44.93860036997013,-93.02515454791245
478.32624592418153,273.3345031738281,44.93859739662923,-93.02511660232551
481.334587093516,272.5587463378906,44.93859442327575,-93.02507865674255
484.3429282628505,271.9113464355469,44.93859144990972,-93.02504071116346
487.35126943218495,271.4356994628906,44.93858847653112,-93.02500276558834
490.3596106015194,271.0802917480469,44.93858550313995,-93.02496482001709
493.3679517708539,270.8595275878906,44.93858252973623,-93.02492687444987
496.37629294018836,270.9407958984375,44.93857955631993,-93.02488892888653
499.38463410952284,271.0041809082031,44.93857658289107,-93.0248509833271
502.3929752788573,271.1823425292969,44.93857360944963,-93.0248130377716
505.4013164481918,271.3729553222656,44.93857063599566,-93.02477509222001
508.4096576175263,271.5202026367188,44.9385676625291,-93.02473714667241
511.4179987868608,271.6127014160156,44.93856468904998,-93.02469920112873
514.4263399561952,271.6602783203125,44.93856171555829,-93.02466125558897
517.4346811255297,271.66162109375,44.93855874205403,-93.02462331005313
520.4430222948641,271.5843505859375,44.93855576853722,-93.02458536452122
523.4513634641986,271.4874572753906,44.93855279500784,-93.02454741899322
526.4597046335331,271.3330993652344,44.93854982146589,-93.02450947346915
529.4680458028677,271.1582946777344,44.93854684791138,-93.02447152794906
532.4763869722021,270.8324584960938,44.9385438743443,-93.02443358243289
535.4847281415366,270.3098449707031,44.93854090076466,-93.02439563692064
538.4930693108711,269.6808166503906,44.93853792717245,-93.02435769141232
541.5014104802055,268.9887084960938,44.93853495356769,-93.02431974590792
544.50975164954,268.1566772460938,44.93853197995034,-93.02428180040744
547.5180928188745,267.326171875,44.93852900632044,-93.02424385491088
550.526433988209,266.3528442382812,44.93852603267797,-93.0242059094183
553.5347751575434,265.3150024414062,44.93852305902293,-93.02416796392964
556.5431163268779,264.2540588378906,44.93852008535533,-93.02413001844491
559.5514574962124,263.1802368164062,44.93851711167517,-93.0240920729641
562.5597986655469,262.08935546875,44.93851413798244,-93.0240541274872
565.5681398348813,261.0482177734375,44.93851116427716,-93.02401618201424
568.5764810042158,260.125244140625,44.93850819055929,-93.02397823654519
571.5848221735503,259.1925964355469,44.93850521682887,-93.02394029108012
574.5931633428847,258.2206420898438,44.93850224308588,-93.02390234561898
577.6015045122192,257.2394714355469,44.93849926933032,-93.02386440016176
580.6098456815537,256.2805786132812,44.93849629556221,-93.02382645470846
583.6181868508882,255.361328125,44.93849332178152,-93.02378850925908
586.6265280202226,254.4720306396484,44.93849034798828,-93.02375056381362
589.6348691895571,253.7522583007812,44.93848737418246,-93.02371261837209
592.6432103588916,253.2509460449219,44.93848440036408,-93.02367467293453
595.651551528226,252.8103790283203,44.93848142653313,-93.0236367275009
598.6598926975605,252.4905242919922,44.93847845268962,-93.02359878207119
601.668233866895,252.2721405029297,44.93847547883355,-93.0235608366454
604.6765750362295,252.0919799804688,44.93847250496491,-93.02352289122354
607.6849162055639,252.0009613037109,44.9384695310837,-93.02348494580559
610.6932573748984,251.9461975097656,44.93846655718993,-93.02344700039157
613.7015985442329,251.9834747314453,44.93846358328361,-93.02340905498153
616.7099397135673,252.1123657226562,44.9384606093647,-93.02337110957541
619.7182808829018,252.2835845947266,44.93845763543324,-93.02333316417321
622.7266220522363,252.5167541503906,44.9384546614892,-93.02329521877493
625.7349632215708,252.81591796875,44.93845168753261,-93.02325727338058
628.7433043909053,253.1134796142578,44.93844871356345,-93.02321932799015
631.7516455602398,253.3438110351562,44.93844573958172,-93.0231813826037
634.7599867295743,253.5785522460938,44.93844276558743,-93.02314343722117
637.7683278989088,253.875,44.93843979158058,-93.0231054918425
640.7766690682432,254.2300872802734,44.93843681756115,-93.02306754646781
643.7850102375777,254.6531372070312,44.93843384352917,-93.02302960109705
646.7933514069122,255.1985168457031,44.93843086948462,-93.02299165573027
649.8016925762466,255.8883056640625,44.9384278954275,-93.02295371036735
652.8100337455811,256.5930480957031,44.93842492135782,-93.0229157650084
655.8183749149156,257.3348693847656,44.93842194727558,-93.02287781965333
658.82671608425,258.0933837890625,44.93841897318077,-93.02283987430224
661.8350572535845,258.9302368164062,44.93841599907339,-93.02280192895506
664.843398422919,259.8327026367188,44.93841302495346,-93.02276398361187
667.8517395922535,260.7819213867188,44.93841005082094,-93.02272603827254
670.8600807615879,261.765625,44.93840707667587,-93.02268809293713
673.8684219309224,262.7795104980469,44.93840410251823,-93.0226501476057
676.8767631002569,263.7903442382812,44.93840112834803,-93.0226122022782
679.8851042695914,264.5910339355469,44.93839815416527,-93.02257425695461
682.8934454389258,265.386474609375,44.93839517996993,-93.0225363116349
685.9017866082603,266.1529541015625,44.93839220576204,-93.02249836631921
688.9101277775948,266.88427734375,44.93838923154158,-93.0224604210074
691.9184689469292,267.6637573242188,44.93838625730856,-93.02242247569956
694.9268101162637,268.6825561523438,44.93838328306296,-93.02238453039558
697.9351512855982,269.9798889160156,44.93838030880481,-93.02234658509565
700.9434924549327,271.2567138671875,44.93837733453409,-93.02230863979958
703.9518336242671,272.5744934082031,44.9383743602508,-93.02227069450737
706.9601747936016,273.8970947265625,44.93837138595495,-93.0222327492192
709.9685159629361,274.9735107421875,44.93836841164654,-93.0221948039349
712.9768571322705,275.8001708984375,44.93836543732555,-93.02215685865457
715.985198301605,276.5441589355469,44.93836246299201,-93.02211891337816
718.9935394709395,277.2488708496094,44.93835948864589,-93.02208096810568
722.0018806402741,277.91015625,44.93835651428721,-93.02204302283712
725.0102218096085,278.5648193359375,44.93835353991597,-93.02200507757249
728.018562978943,279.1952209472656,44.93835056553217,-93.02196713231183
731.0269041482775,279.8092346191406,44.93834759113581,-93.0219291870551
734.035245317612,280.3490905761719,44.93834461672687,-93.02189124180222
737.0435864869464,280.789306640625,44.93834164230536,-93.02185329655333
740.0519276562809,281.1894836425781,44.9383386678713,-93.02181535130836
743.0602688256154,281.4619445800781,44.93833569342466,-93.02177740606732
746.0686099949498,281.6199951171875,44.93833271896547,-93.02173946083025
749.0769511642843,281.6248168945312,44.93832974449371,-93.02170151559704
752.0852923336188,281.2567749023438,44.93832677000939,-93.02166357036782
755.0936335029533,280.7021484375,44.9383237955125,-93.02162562514252
758.1019746722877,280.0208435058594,44.93832082100304,-93.02158767992114
761.1103158416222,279.1197509765625,44.93831784648101,-93.02154973470368
764.1186570109567,278.207763671875,44.93831487194644,-93.02151178949015
767.1269981802911,277.30078125,44.93831189739928,-93.02147384428059
770.1353393496256,276.4076538085938,44.93830892283957,-93.02143589907496
773.1436805189601,275.5650329589844,44.93830594826728,-93.02139795387325
776.1520216882946,274.8045043945312,44.93830297368245,-93.0213600086754
779.160362857629,274.1036376953125,44.93829999908503,-93.02132206348153
782.1687040269635,273.42626953125,44.93829702447506,-93.02128411829165
785.177045196298,272.7823486328125,44.93829404985252,-93.02124617310562
788.1853863656324,272.1414489746094,44.93829107521741,-93.02120822792358
791.1937275349669,271.5542602539062,44.93828810056974,-93.02117028274546
794.2020687043014,270.9744873046875,44.93828512590951,-93.02113233757126
797.2104098736359,270.49560546875,44.93828215123671,-93.02109439240098
800.2187510429703,270.1998291015625,44.93827917655134,-93.02105644723463
803.2270922123048,270.046630859375,44.93827620185342,-93.02101850207225
806.2354333816393,269.9029846191406,44.93827322714292,-93.0209805569138
809.2437745509737,269.8076477050781,44.93827025241986,-93.02094261175921
812.2521157203082,269.7152099609375,44.93826727768424,-93.02090466660866
815.2604568896427,269.5279846191406,44.93826430293605,-93.02086672146197
818.2687980589772,269.2985534667969,44.93826132817529,-93.0208287763192
821.2771392283117,269.0499877929688,44.93825835340198,-93.02079083118042
824.2854803976462,268.7811279296875,44.93825537861609,-93.0207528860455
827.2938215669807,268.4989013671875,44.93825240381764,-93.02071494091456
830.3021627363152,268.2341003417969,44.93824942900663,-93.02067699578754
833.3105039056496,268.0146484375,44.93824645418305,-93.02063905066444
836.3188450749841,267.801025390625,44.93824347934691,-93.02060110554532
839.3271862443186,267.6017761230469,44.9382405044982,-93.02056316043007
842.335527413653,267.417236328125,44.93823752963693,-93.0205252153188
845.3438685829875,267.2518005371094,44.93823455476309,-93.02048727021145
848.352209752322,267.1097106933594,44.93823157987669,-93.02044932510796
851.3605509216565,266.98193359375,44.93822860497772,-93.02041138000851
854.3688920909909,266.8723754882812,44.93822563006619,-93.02037343491293
857.3772332603254,266.8182678222656,44.93822265514208,-93.02033548982132
860.3855744296599,266.7619323730469,44.93821968020542,-93.02029754473358
863.3939155989943,266.6892700195312,44.9382167052562,-93.02025959964982
866.4022567683288,266.6014099121094,44.93821373029441,-93.02022165456998
869.4105979376633,266.5172424316406,44.93821075532006,-93.02018370949406
872.4189391069978,266.4696044921875,44.93820778033314,-93.02014576442213
875.4272802763322,266.4461669921875,44.93820480533365,-93.02010781935405
878.4356214456667,266.5470581054688,44.9382018303216,-93.02006987428996
881.4439626150012,266.9412231445312,44.93819885529697,-93.02003192922979
884.4523037843356,267.4072875976562,44.9381958802598,-93.01999398417354
887.4606449536701,268.5209350585938,44.93819290521005,-93.01995603912121
890.4689861230046,270.2212524414062,44.93818993014774,-93.01991809407286
893.477327292339,272.0027770996094,44.93818695507287,-93.01988014902838
896.4856684616735,273.9924621582031,44.93818397998542,-93.01984220398788
899.494009631008,276.0733032226562,44.93818100488542,-93.0198042589513
902.5023508003425,277.9811096191406,44.93817802977286,-93.01976631391864
905.5106919696769,279.6131591796875,44.93817505464772,-93.0197283688899
908.5190331390114,281.1026916503906,44.93817207951003,-93.01969042386514
911.5273743083459,282.2280883789062,44.93816910435976,-93.01965247884425
914.5357154776805,282.8168334960938,44.93816612919692,-93.01961453382734
917.5440566470149,283.4064636230469,44.93816315402154,-93.01957658881435
920.5523978163494,283.6256408691406,44.93816017883358,-93.01953864380528
923.5607389856839,283.7138977050781,44.93815720363305,-93.01950069880019
926.5690801550184,283.8545227050781,44.93815422841995,-93.01946275379896
929.5774213243528,284.0635070800781,44.93815125319431,-93.01942480880172
932.5857624936873,284.3137512207031,44.93814827795608,-93.01938686380839
935.5941036630218,284.61572265625,44.93814530270531,-93.01934891881899
938.6024448323562,285.0128173828125,44.93814232744197,-93.01931097383351
941.6107860016907,285.4197692871094,44.93813935216605,-93.01927302885201
944.6191271710252,285.8677673339844,44.93813637687757,-93.01923508387438
947.6274683403597,286.3234558105469,44.93813340157653,-93.01919713890072
950.6358095096941,286.7985229492188,44.93813042626292,-93.01915919393099
953.6441506790286,287.296875,44.93812745093675,-93.01912124896518
956.6524918483631,287.8036193847656,44.93812447559802,-93.01908330400329
959.6608330176975,288.3056945800781,44.93812150024671,-93.01904535904538
962.669174187032,288.8104248046875,44.93811852488285,-93.01900741409139
965.6775153563665,289.3229370117188,44.93811554950642,-93.01896946914133
968.685856525701,289.5452270507812,44.93811257411742,-93.01893152419512
971.6941976950354,289.7164916992188,44.93810959871586,-93.0188935792529
974.7025388643699,289.8379211425781,44.93810662330173,-93.01885563431466
977.7108800337044,289.9009399414062,44.93810364787505,-93.01881768938034
980.7192212030388,289.9288635253906,44.93810067243579,-93.01877974444994
983.7275623723733,289.9339294433594,44.93809769698398,-93.01874179952347
986.7359035417078,289.8836975097656,44.93809472151959,-93.01870385460086
989.7442447110423,289.8477172851562,44.93809174604264,-93.01866590968228
992.7525858803767,289.9047241210938,44.93808877055312,-93.01862796476757
995.7609270497112,289.9981689453125,44.93808579505105,-93.01859001985684
998.7692682190457,290.2020568847656,44.93808281953641,-93.01855207494998
1001.7776093883801,290.5531616210938,44.9380798440092,-93.01851413004715
1004.7859505577146,290.9976806640625,44.93807686846943,-93.01847618514819
1007.7942917270491,291.5783996582031,44.93807389291709,-93.0184382402532
1010.8026328963836,292.3887939453125,44.9380709173522,-93.01840029536208
1013.8109740657181,293.213623046875,44.93806794177473,-93.01836235047494
1016.8193152350526,294.227294921875,44.9380649661847,-93.01832440559173
1019.8276564043871,295.3091430664062,44.9380619905821,-93.01828646071243
1022.8359975737216,296.3439025878906,44.93805901496693,-93.01824851583706
1025.844338743056,297.2977600097656,44.93805603933922,-93.01821057096566
1028.8526799123904,298.2167358398438,44.93805306369892,-93.01817262609813
1031.8610210817249,298.963623046875,44.93805008804607,-93.01813468123459
1034.8693622510593,299.4643249511719,44.93804711238064,-93.01809673637496
1037.8777034203938,299.9640197753906,44.93804413670267,-93.01805879151925
1040.8860445897283,300.515380859375,44.93804116101212,-93.01802084666753
1043.8943857590627,301.0993347167969,44.938038185309,-93.01798290181972
1046.9027269283972,301.7749938964844,44.93803520959332,-93.01794495697584
1049.9110680977317,302.7093505859375,44.93803223386508,-93.01790701213588
1052.9194092670662,303.7260437011719,44.93802925812427,-93.01786906729984
1055.9277504364006,304.5444030761719,44.93802628237091,-93.01783112246773
1058.9360916057353,305.1426086425781,44.93802330660496,-93.01779317763959
1061.9444327750698,305.6611633300781,44.93802033082645,-93.01775523281538
1064.9527739444043,306.008544921875,44.9380173550354,-93.01771728799508
1067.9611151137387,306.2008361816406,44.93801437923177,-93.01767934317871
1070.9694562830732,306.4075927734375,44.93801140341557,-93.01764139836627
1073.9777974524077,306.6714782714844,44.93800842758682,-93.01760345355774
1076.9861386217422,306.9527587890625,44.93800545174549,-93.0175655087532
1079.9944797910766,307.3272094726562,44.9380024758916,-93.01752756395257
1083.002820960411,307.7879943847656,44.93799950002514,-93.01748961915587
1086.0111621297456,308.2722473144531,44.93799652414612,-93.01745167436314
1089.01950329908,308.7503662109375,44.93799354825454,-93.01741372957429
1092.0278444684145,309.2172241210938,44.93799057235039,-93.01737578478941
1095.036185637749,309.674072265625,44.93798759643368,-93.0173378400084
1098.0445268070835,309.9562377929688,44.9379846205044,-93.01729989523142
1101.052867976418,310.2398071289062,44.93798164456256,-93.0172619504583
1104.0612091457524,310.4570007324219,44.93797866860815,-93.01722400568917
1107.0695503150869,310.6200866699219,44.93797569264119,-93.0171860609239
1110.0778914844213,310.7440185546875,44.93797271666165,-93.01714811616262
1113.0862326537558,310.7932434082031,44.93796974066954,-93.01711017140525
1116.0945738230903,310.7348022460938,44.93796676466488,-93.0170722266518
1119.1029149924248,310.6666259765625,44.93796378864764,-93.01703428190228
1122.1112561617592,310.3398132324219,44.93796081261786,-93.01699633715674
1125.1195973310937,309.9885864257812,44.93795783657549,-93.01695839241512
1128.1279385004282,309.6510009765625,44.93795486052057,-93.01692044767742
1131.1362796697626,309.3218994140625,44.93795188445308,-93.01688250294364
1134.1446208390971,308.9860229492188,44.93794890837303,-93.01684455821385
1137.1529620084316,308.6442565917969,44.93794593228041,-93.01680661348792
1140.161303177766,308.3106384277344,44.93794295617523,-93.01676866876596
1143.1696443471005,307.9610290527344,44.93793998005749,-93.01673072404793
1146.177985516435,307.4793701171875,44.93793700392717,-93.01669277933382
1149.1863266857695,306.9944763183594,44.93793402778429,-93.01665483462364
1152.194667855104,306.6464233398438,44.93793105162885,-93.01661688991743
1155.2030090244384,306.4266967773438,44.93792807546085,-93.01657894521514
1158.211350193773,306.3067016601562,44.93792509928028,-93.01654100051678
1161.2196913631074,306.4043273925781,44.93792212308715,-93.01650305582234
1164.2280325324418,306.7288513183594,44.93791914688144,-93.01646511113188
1167.2363737017763,307.0765380859375,44.93791617066319,-93.01642716644528
1170.2447148711108,307.5116882324219,44.93791319443235,-93.01638922176267
1173.2530560404452,307.963623046875,44.93791021818897,-93.01635127708397
1176.2613972097797,308.3502502441406,44.937907241933,-93.0163133324092
1179.2697383791142,308.6614685058594,44.93790426566448,-93.01627538773835
1182.2780795484487,308.9412231445312,44.9379012893834,-93.01623744307147
1185.2864207177831,309.1718139648438,44.93789831308974,-93.01619949840853
1188.2947618871176,309.3734741210938,44.93789533678352,-93.0161615537495
1191.303103056452,309.58544921875,44.93789236046474,-93.0161236090944
1194.3114442257865,309.8219604492188,44.9378893841334,-93.01608566444321
1197.319785395121,310.0703125,44.9378864077895,-93.016047719796
1200.3281265644555,310.38134765625,44.93788343143301,-93.01600977515272
1203.33646773379,310.782958984375,44.93788045506398,-93.01597183051337
1206.3448089031244,311.197021484375,44.93787747868238,-93.01593388587793
1209.353150072459,311.6743774414062,44.93787450228821,-93.01589594124641
1212.3614912417934,312.1886596679688,44.93787152588148,-93.01585799661888
1215.3698324111278,312.6256408691406,44.93786854946218,-93.0158200519952
1218.3781735804623,312.8959350585938,44.93786557303032,-93.01578210737557
1221.3865147497968,313.0626525878906,44.93786259658589,-93.0157441627598
1224.3948559191313,313.1492004394531,44.9378596201289,-93.01570621814795
1227.4031970884657,313.0391540527344,44.93785664365934,-93.01566827354009
1230.4115382578002,312.9214172363281,44.93785366717724,-93.01563032893614
1233.4198794271347,312.7205810546875,44.93785069068255,-93.01559238433612
1236.4282205964691,312.4804382324219,44.9378477141753,-93.01555443974001
1239.4365617658036,312.261474609375,44.93784473765547,-93.01551649514784
1242.444902935138,312.0833435058594,44.9378417611231,-93.01547855055964
1245.4532441044726,311.9315185546875,44.93783878457815,-93.01544060597536
1248.461585273807,311.7821960449219,44.93783580802065,-93.015402661395
1251.4699264431415,311.6466369628906,44.93783283145059,-93.01536471681857
1254.4782676124762,311.5138244628906,44.93782985486795,-93.01532677224611
1257.4866087818107,311.3552551269531,44.93782687827274,-93.01528882767752
1260.4949499511451,311.1916198730469,44.93782390166498,-93.01525088311291
1263.5032911204796,311.0460205078125,44.93782092504465,-93.01521293855228
1266.511632289814,310.927978515625,44.93781794841177,-93.01517499399552
1269.5199734591486,310.8275756835938,44.9378149717663,-93.01513704944267
1272.528314628483,310.7139587402344,44.93781199510828,-93.0150991048938
1275.5366557978175,310.5223693847656,44.9378090184377,-93.01506116034886
1278.544996967152,310.332275390625,44.93780604175453,-93.01502321580784
1281.5533381364864,309.9920959472656,44.93780306505882,-93.01498527127075
1284.561679305821,309.5769653320312,44.93780008835055,-93.01494732673763
1287.5700204751554,309.0949096679688,44.9377971116297,-93.01490938220843
1290.5783616444899,308.5193786621094,44.93779413489629,-93.01487143768315
1293.5867028138243,307.8719177246094,44.93779115815032,-93.0148334931618
1296.5950439831588,307.2082214355469,44.93778818139177,-93.01479554864437
1299.6033851524933,306.4834594726562,44.93778520462067,-93.01475760413092
1302.6117263218277,305.7549743652344,44.93778222783701,-93.01471965962139
1305.6200674911622,304.9686279296875,44.93777925104077,-93.01468171511578
1308.6284086604967,304.1458740234375,44.93777627423198,-93.0146437706141
1311.6367498298312,303.2893676757812,44.93777329741062,-93.0146058261164
1314.6450909991656,302.3810729980469,44.9377703205767,-93.01456788162255
1317.6534321685,301.4437561035156,44.93776734373021,-93.01452993713269
1320.6617733378346,300.5134582519531,44.93776436687115,-93.01449199264675
1323.670114507169,299.5994262695312,44.93776138999952,-93.0144540481648
1326.6784556765035,298.7006530761719,44.93775841311535,-93.0144161036867
1329.686796845838,298.0161437988281,44.9377554362186,-93.01437815921258
1332.6951380151725,297.47705078125,44.93775245930929,-93.01434021474239
1335.703479184507,297.0175476074219,44.93774948238741,-93.01430227027612
1338.7118203538414,296.7777709960938,44.93774650545296,-93.01426432581377
1341.7201615231759,296.6529235839844,44.93774352850595,-93.0142263813554
1344.7285026925103,296.5101013183594,44.9377405515464,-93.01418843690095
1347.7368438618448,296.3423461914062,44.93773757457426,-93.01415049245043
1350.7451850311793,296.1653747558594,44.93773459758956,-93.01411254800382
1353.7535262005138,295.9849853515625,44.9377316205923,-93.0140746035612
1356.7618673698482,295.797119140625,44.93772864358247,-93.01403665912244
1359.7702085391827,295.6028442382812,44.93772566656008,-93.01399871468766
1362.7785497085172,295.4360656738281,44.93772268952512,-93.0139607702568
1365.7868908778516,295.2799987792969,44.93771971247759,-93.01392282582992
1368.7952320471861,295.1597900390625,44.93771673541751,-93.01388488140691
1371.8035732165206,295.0934448242188,44.93771375834486,-93.01384693698787
1374.811914385855,295.0399475097656,44.93771078125965,-93.01380899257276
1377.8202555551895,294.9679870605469,44.93770780416187,-93.01377104816157
1380.828596724524,294.8676452636719,44.93770482705153,-93.01373310375436
1383.8369378938585,294.760009765625,44.93770184992862,-93.01369515935102
1386.845279063193,294.5711364746094,44.93769887279315,-93.01365721495165
1389.8536202325274,294.3562316894531,44.93769589564511,-93.0136192705562
1392.861961401862,294.1492309570312,44.93769291848451,-93.01358132616468
1395.8703025711964,293.9591369628906,44.93768994131135,-93.01354338177714
1398.8786437405308,293.7917175292969,44.93768696412561,-93.01350543739352
1401.8869849098653,293.670654296875,44.93768398692733,-93.01346749301376
1404.8953260791998,293.6365966796875,44.93768100971647,-93.01342954863804
1407.9036672485342,293.6004333496094,44.93767803249305,-93.01339160426619
1410.9120084178687,293.3349304199219,44.93767505525705,-93.01335365989831
1413.9203495872032,293.0372924804688,44.93767207800851,-93.01331571553436
1416.9286907565377,292.7030944824219,44.93766910074738,-93.01327777117433
1419.9370319258721,292.3143920898438,44.93766612347371,-93.01323982681822
1422.9453730952066,291.8753967285156,44.93766314618747,-93.01320188246609
1425.953714264541,291.3668823242188,44.93766016888866,-93.01316393811783
1428.9620554338755,290.7204284667969,44.93765719157728,-93.01312599377354
1431.97039660321,290.0676574707031,44.93765421425334,-93.01308804943324
1434.9787377725445,289.3862915039062,44.93765123691684,-93.0130501050968
1437.987078941879,288.69580078125,44.93764825956777,-93.01301216076433
1440.9954201112134,288.0375366210938,44.93764528220616,-93.01297421643574
1444.0037612805481,287.4244995117188,44.93764230483195,-93.01293627211118
1447.0121024498826,286.8245239257812,44.9376393274452,-93.01289832779048
1450.020443619217,286.213623046875,44.93763635004587,-93.01286038347371
1453.0287847885515,285.6001892089844,44.93763337263398,-93.01282243916091
1456.037125957886,284.9859619140625,44.93763039520953,-93.01278449485204
1459.0454671272205,284.4236450195312,44.93762741777252,-93.01274655054715
1462.053808296555,283.8923645019531,44.93762444032293,-93.01270860624612
1465.0621494658894,283.4900207519531,44.93762146286078,-93.01267066194907
1468.070490635224,283.2713623046875,44.93761848538607,-93.01263271765595
1471.0788318045584,283.1393737792969,44.9376155078988,-93.01259477336674
1474.0871729738928,283.0439758300781,44.93761253039897,-93.01255682908146
1477.0955141432273,282.9953002929688,44.93760955288656,-93.0125188848001
1480.1038553125618,282.9268493652344,44.93760657536159,-93.01248094052272
1483.1121964818963,282.7085876464844,44.93760359782407,-93.01244299624926
1486.1205376512307,282.4075317382812,44.93760062027398,-93.01240505197978
1489.1288788205652,282.1794128417969,44.93759764271131,-93.01236710771417
1492.1372199898997,282.1011352539062,44.93759466513609,-93.01232916345253
1495.1455611592341,282.0718994140625,44.9375916875483,-93.01229121919482
1498.1539023285686,282.0498962402344,44.93758870994794,-93.01225327494103
1501.162243497903,282.0388488769531,44.93758573233503,-93.01221533069122
1504.1705846672376,281.99658203125,44.93758275470955,-93.01217738644527
1507.178925836572,281.8224792480469,44.93757977707151,-93.0121394422033
1510.1872670059065,281.5451965332031,44.93757679942089,-93.01210149796526
1513.195608175241,281.3098449707031,44.93757382175772,-93.01206355373114
1516.2039493445754,281.2055358886719,44.93757084408197,-93.012025609501
1519.21229051391,281.1316833496094,44.93756786639368,-93.01198766527477
1522.2206316832444,281.0858764648438,44.9375648886928,-93.01194972105247
1525.2289728525789,281.066650390625,44.93756191097938,-93.0119117768341
1528.2373140219133,281.0552062988281,44.93755893325338,-93.0118738326197
1531.2456551912478,281.0526123046875,44.93755595551482,-93.01183588840917
1534.2539963605823,281.05810546875,44.93755297776369,-93.01179794420261
1537.2623375299167,281.0614624023438,44.93755,-93.01175999999998
