0 250000 250000 1500000 250000 1000000 250000 4250000 250000 250000 500000 250000 250000 250000 39500000 250000 500000 500000 500000 250000 250000 15750000 250000 500000 750000 750000 1250000 250000 250000 49500000 250000 250000 250000 250000 11000000 250000 250000 1000000 250000 500000 250000 10000000 250000 1250000 250000 500000 500000 500000 0 0
0 250000 250000 1500000 250000 1000000 250000 4250000 250000 250000 500000 250000 250000 250000 39500000 250000 500000 500000 500000 250000 250000 15750000 250000 500000 750000 750000 1250000 250000 250000 49500000 250000 250000 250000 250000 11000000 250000 250000 1000000 250000 500000 250000 10000000 250000 1250000 250000 500000 500000 500000 250000 250000
250000 250000 250000 750000 250000 750000 250000 250000 3500000 250000 250000 250000 250000 38250000 250000 750000 250000 250000 250000 250000 14250000 250000 1000000 250000 500000 500000 1000000 250000 750000 49250000 250000 250000 250000 1000000 250000 9500000 250000 500000 250000 250000 250000 9750000 250000 750000 250000 250000 250000 250000 250000 250000
500000 500000 250000 250000 250000 500000 250000 1750000 1000000 250000 250000 500000 37250000 250000 250000 250000 250000 250000 750000 11750000 250000 1750000 250000 500000 250000 250000 750000 250000 250000 250000 47500000 250000 250000 500000 250000 9000000 250000 250000 250000 250000 8500000 250000 250000 250000 250000 250000 250000 250000 250000 250000
250000 250000 250000 250000 250000 250000 250000 1000000 500000 250000 250000 2000000 250000 34000000 1750000 500000 250000 250000 250000 2250000 8500000 250000 1500000 250000 250000 250000 250000 250000 750000 44500000 250000 2000000 250000 250000 250000 8250000 500000 250000 250000 2500000 250000 5250000 250000 250000 250000 500000 2000000 2500000 5250000 5250000
7500000 7500000 7250000 750000 250000 250000 250000 500000 250000 250000 1500000 250000 31750000 250000 250000 750000 250000 250000 1500000 250000 8000000 250000 250000 750000 250000 250000 250000 250000 250000 43500000 250000 250000 1000000 250000 250000 7250000 250000 250000 1500000 250000 750000 250000 3750000 250000 250000 750000 250000 2500000 250000 250000
250000 250000 250000 5500000 1000000 500000 250000 250000 250000 750000 250000 250000 31250000 2250000 2000000 250000 250000 250000 750000 250000 250000 7000000 750000 250000 250000 250000 1000000 250000 250000 42750000 500000 250000 250000 250000 250000 6500000 250000 250000 500000 500000 500000 250000 3000000 250000 250000 250000 1750000 250000 250000 250000
250000 250000 250000 250000 4000000 250000 500000 250000 250000 250000 250000 250000 28500000 250000 250000 1250000 500000 250000 250000 250000 5250000 250000 500000 250000 250000 250000 500000 2000000 25000000 16750000 250000 500000 250000 250000 750000 1000000 4000000 250000 250000 250000 250000 250000 2250000 250000 250000 1000000 250000 250000 500000 500000
1250000 1250000 750000 250000 250000 3250000 250000 250000 250000 500000 1000000 2750000 27750000 250000 250000 250000 250000 250000 250000 1000000 250000 3500000 250000 250000 250000 750000 250000 250000 22750000 250000 16000000 500000 250000 250000 500000 250000 750000 2500000 750000 250000 250000 1000000 250000 250000 250000 250000 250000 500000 750000 750000
500000 500000 250000 250000 250000 250000 1750000 750000 250000 250000 1000000 250000 250000 24250000 250000 250000 250000 250000 250000 250000 1500000 250000 1250000 250000 250000 500000 2750000 22000000 250000 250000 14750000 250000 250000 250000 250000 250000 250000 1250000 250000 250000 250000 250000 250000 500000 250000 250000 250000 250000 500000 500000
1000000 1000000 750000 500000 250000 250000 250000 250000 250000 250000 250000 250000 1000000 250000 22250000 250000 1000000 250000 250000 250000 750000 250000 500000 250000 250000 750000 250000 250000 18750000 250000 250000 13750000 500000 250000 250000 250000 250000 500000 250000 250000 250000 250000 250000 250000 1250000 500000 250000 750000 1000000 1000000
750000 750000 500000 250000 250000 750000 250000 500000 250000 250000 250000 250000 250000 250000 250000 21000000 250000 750000 250000 250000 250000 250000 250000 250000 250000 250000 250000 17750000 250000 250000 500000 250000 12000000 250000 1250000 500000 250000 250000 250000 500000 2500000 3250000 3750000 250000 250000 8000000 250000 250000 250000 250000
250000 250000 250000 250000 3750000 250000 1000000 250000 250000 250000 750000 250000 250000 250000 1000000 250000 18250000 250000 500000 500000 250000 250000 250000 250000 500000 250000 11750000 250000 5250000 250000 250000 250000 250000 10750000 500000 250000 250000 250000 250000 1000000 250000 250000 250000 5250000 5750000 250000 8750000 14750000 250000 250000
250000 250000 5500000 5000000 250000 2250000 500000 250000 250000 750000 4250000 3250000 250000 250000 250000 750000 250000 16000000 1250000 500000 250000 250000 750000 1750000 250000 10750000 250000 250000 4750000 750000 250000 250000 250000 7000000 1750000 1500000 750000 250000 250000 250000 250000 250000 500000 250000 250000 250000 5500000 250000 15500000 15500000
7250000 7250000 250000 250000 250000 250000 250000 250000 250000 6750000 250000 250000 2000000 250000 250000 250000 250000 14000000 250000 250000 250000 250000 250000 250000 9000000 250000 500000 250000 3500000 250000 250000 250000 4750000 250000 1500000 250000 250000 250000 250000 250000 250000 750000 250000 250000 250000 4750000 250000 250000 250000 250000
250000 250000 1250000 500000 250000 250000 250000 250000 8000000 250000 1000000 250000 500000 1000000 250000 250000 1000000 250000 12000000 2000000 1000000 250000 250000 500000 6750000 250000 250000 250000 2750000 250000 250000 1500000 2500000 250000 750000 250000 250000 250000 1000000 250000 250000 500000 2250000 3000000 3750000 250000 250000 250000 500000 500000
250000 250000 250000 250000 250000 250000 500000 9000000 250000 250000 250000 250000 250000 250000 250000 250000 250000 250000 9750000 250000 250000 250000 250000 1000000 250000 4500000 250000 250000 2000000 250000 750000 250000 2000000 250000 250000 250000 250000 1000000 2750000 250000 250000 250000 250000 250000 250000 250000 250000 500000 750000 750000
500000 500000 250000 250000 500000 250000 20250000 250000 250000 250000 250000 250000 250000 250000 250000 250000 750000 1250000 2750000 5000000 250000 250000 250000 250000 250000 4000000 250000 250000 750000 250000 500000 250000 1000000 250000 250000 250000 250000 250000 750000 4500000 250000 250000 250000 250000 250000 250000 250000 500000 750000 750000
250000 250000 250000 250000 22750000 21750000 250000 10000000 250000 4250000 3750000 3000000 2250000 1000000 250000 250000 250000 250000 2500000 250000 4250000 250000 250000 250000 2000000 250000 1000000 250000 250000 250000 250000 250000 250000 250000 250000 750000 250000 250000 250000 250000 5500000 750000 250000 250000 1000000 500000 250000 250000 500000 500000
27500000 27500000 27250000 26500000 250000 250000 500000 250000 9000000 250000 250000 250000 250000 250000 250000 250000 250000 250000 2000000 250000 250000 3250000 250000 250000 1000000 250000 250000 250000 250000 250000 250000 250000 250000 250000 250000 1500000 500000 250000 250000 250000 250000 7250000 250000 250000 250000 2250000 250000 250000 250000 250000
250000 250000 250000 250000 2750000 250000 250000 500000 250000 3500000 250000 250000 500000 250000 250000 750000 250000 250000 750000 250000 250000 2000000 500000 250000 250000 250000 250000 250000 500000 750000 250000 250000 1000000 500000 250000 250000 3000000 250000 500000 250000 250000 250000 8500000 250000 250000 500000 3250000 250000 67500000 67500000
500000 500000 250000 250000 250000 1750000 250000 250000 250000 250000 2500000 1250000 250000 250000 500000 1500000 250000 250000 250000 250000 250000 1000000 250000 250000 250000 250000 250000 500000 1000000 1250000 250000 250000 250000 2250000 250000 250000 250000 4250000 250000 500000 250000 250000 9000000 250000 250000 250000 250000 66750000 250000 250000
500000 500000 250000 250000 250000 250000 750000 500000 250000 250000 250000 250000 250000 250000 1000000 2500000 750000 250000 250000 250000 250000 250000 250000 250000 250000 3250000 4000000 5250000 6750000 8500000 250000 500000 250000 250000 3000000 250000 250000 250000 36000000 37000000 250000 250000 250000 50000000 50750000 250000 250000 63000000 250000 250000
1250000 1250000 1000000 500000 250000 250000 250000 250000 250000 250000 250000 250000 250000 250000 12750000 250000 250000 250000 750000 250000 250000 250000 250000 750000 2000000 250000 250000 500000 250000 250000 13000000 14000000 14500000 250000 22250000 22750000 250000 30750000 250000 250000 38750000 39500000 40000000 250000 250000 61250000 62250000 250000 250000 250000
750000 750000 500000 250000 250000 250000 750000 750000 250000 1250000 500000 250000 250000 14000000 250000 8500000 250000 3500000 2250000 2000000 1000000 250000 250000 250000 250000 250000 250000 250000 500000 3500000 250000 250000 250000 18500000 250000 250000 29500000 250000 250000 750000 250000 250000 250000 250000 9500000 250000 500000 250000 250000 250000
500000 500000 250000 250000 500000 250000 24750000 250000 21500000 250000 250000 250000 17000000 250000 250000 250000 7500000 2000000 1000000 250000 250000 250000 250000 250000 250000 250000 250000 750000 2250000 250000 250000 250000 3000000 250000 250000 250000 6250000 250000 250000 250000 250000 250000 250000 8250000 500000 250000 250000 250000 500000 500000
250000 250000 250000 250000 27000000 26000000 250000 22500000 250000 19500000 19000000 18250000 250000 2000000 250000 250000 1750000 250000 500000 500000 250000 250000 250000 1000000 750000 250000 250000 250000 750000 250000 250000 2000000 250000 250000 250000 5000000 250000 250000 250000 250000 3500000 4000000 7000000 250000 500000 250000 250000 250000 500000 500000
250000 250000 250000 28000000 250000 250000 250000 250000 250000 250000 250000 250000 250000 250000 1250000 500000 250000 1000000 250000 250000 250000 500000 250000 250000 2750000 250000 250000 250000 250000 500000 1250000 250000 250000 500000 3500000 750000 250000 250000 500000 2500000 250000 1250000 1250000 250000 250000 250000 250000 500000 250000 250000
44750000 44750000 44500000 15750000 250000 250000 250000 250000 250000 250000 250000 250000 250000 250000 250000 250000 250000 250000 250000 250000 500000 1750000 250000 250000 3250000 750000 250000 250000 250000 250000 250000 250000 500000 2000000 750000 250000 250000 250000 1000000 500000 250000 750000 750000 250000 250000 500000 2000000 2500000 3250000 3250000
250000 250000 250000 250000 15000000 14250000 250000 250000 6250000 5500000 4750000 4000000 2500000 2000000 1000000 500000 250000 250000 250000 250000 250000 250000 2500000 250000 5000000 750000 500000 250000 250000 250000 250000 250000 750000 500000 250000 250000 250000 250000 250000 250000 250000 250000 250000 250000 250000 500000 250000 250000 250000 250000
6250000 6250000 250000 250000 250000 250000 13000000 12000000 250000 250000 250000 250000 750000 250000 250000 250000 250000 1000000 250000 250000 1000000 1750000 2000000 8250000 250000 250000 750000 250000 250000 750000 500000 250000 250000 250000 250000 250000 500000 250000 250000 250000 250000 250000 250000 250000 250000 250000 250000 250000 500000 500000
250000 250000 5750000 250000 250000 250000 500000 250000 4750000 250000 1000000 250000 250000 250000 250000 250000 2000000 500000 250000 250000 250000 250000 750000 11500000 250000 1500000 250000 250000 500000 250000 2500000 750000 250000 250000 750000 2000000 2750000 250000 1000000 500000 250000 250000 1000000 250000 250000 1000000 500000 250000 250000 250000
250000 250000 250000 5000000 250000 250000 250000 500000 250000 3500000 250000 500000 250000 250000 250000 3250000 250000 250000 250000 250000 250000 250000 250000 250000 14250000 500000 250000 500000 250000 4250000 750000 250000 250000 250000 250000 250000 250000 5000000 6750000 500000 250000 250000 2000000 250000 250000 250000 2000000 500000 250000 250000
500000 500000 250000 250000 4000000 250000 250000 250000 250000 750000 1000000 250000 250000 250000 500000 5000000 1500000 750000 250000 250000 1000000 250000 250000 250000 15000000 250000 250000 250000 5750000 250000 250000 250000 250000 250000 250000 500000 1250000 250000 500000 8250000 250000 250000 2500000 500000 250000 500000 250000 25250000 25500000 25500000
500000 500000 250000 250000 250000 2750000 250000 250000 250000 250000 250000 250000 250000 500000 7000000 750000 250000 250000 250000 250000 250000 1750000 250000 500000 15750000 500000 250000 250000 9000000 3000000 250000 750000 250000 250000 500000 250000 250000 250000 250000 1750000 10500000 250000 250000 18000000 250000 21500000 22000000 250000 250000 250000
500000 500000 250000 250000 250000 250000 1750000 750000 250000 250000 250000 250000 250000 8500000 250000 250000 250000 250000 500000 1250000 250000 250000 2500000 250000 250000 17000000 250000 10250000 500000 250000 2000000 500000 250000 250000 1000000 250000 250000 500000 1000000 250000 250000 14000000 14500000 250000 20000000 250000 250000 250000 500000 500000
250000 250000 250000 1000000 250000 250000 250000 250000 250000 250000 1000000 250000 9750000 250000 250000 250000 250000 250000 500000 750000 2750000 250000 250000 3250000 250000 250000 28500000 500000 250000 250000 250000 250000 250000 500000 2000000 250000 250000 250000 250000 750000 2500000 250000 250000 750000 500000 250000 250000 250000 250000 250000
4250000 4250000 4000000 250000 1000000 500000 250000 250000 250000 250000 500000 12000000 250000 250000 250000 1000000 250000 250000 250000 250000 250000 3500000 250000 250000 4000000 30000000 250000 250000 250000 250000 250000 250000 250000 250000 3000000 250000 750000 250000 250000 250000 1000000 250000 250000 250000 250000 250000 500000 1000000 1750000 1750000
250000 250000 250000 2000000 500000 250000 250000 1000000 250000 250000 500000 13000000 250000 250000 1750000 500000 250000 250000 1000000 250000 250000 250000 4250000 250000 35250000 250000 750000 250000 250000 750000 750000 250000 500000 250000 3250000 1750000 500000 250000 250000 250000 250000 250000 250000 250000 250000 250000 250000 250000 250000 250000
500000 500000 250000 250000 250000 250000 1750000 250000 250000 250000 250000 13750000 250000 250000 2750000 250000 250000 250000 250000 1750000 2250000 250000 250000 41000000 250000 750000 250000 250000 250000 500000 2500000 250000 250000 1000000 6250000 750000 250000 250000 500000 250000 250000 250000 500000 1000000 3250000 4000000 4500000 250000 250000 250000
250000 250000 250000 250000 4000000 3500000 750000 250000 250000 1000000 250000 18750000 4750000 4500000 750000 250000 250000 1000000 250000 250000 250000 3000000 44750000 250000 750000 250000 250000 250000 250000 250000 250000 3250000 250000 8250000 250000 250000 250000 250000 1250000 750000 250000 250000 500000 1250000 250000 250000 250000 6750000 250000 250000
7500000 7500000 7250000 6500000 250000 250000 250000 250000 250000 750000 21250000 250000 250000 250000 250000 250000 250000 750000 2250000 500000 250000 250000 46000000 750000 250000 250000 250000 250000 1000000 2000000 250000 250000 12500000 250000 250000 250000 250000 250000 500000 3250000 250000 250000 250000 250000 250000 500000 1500000 250000 7500000 7500000
250000 250000 250000 500000 1250000 500000 250000 250000 250000 250000 250000 22750000 500000 250000 250000 250000 250000 250000 750000 4000000 250000 47500000 500000 250000 250000 500000 250000 250000 250000 250000 3000000 250000 13250000 250000 250000 750000 250000 250000 250000 250000 4500000 250000 250000 250000 250000 500000 250000 250000 250000 250000
500000 500000 250000 250000 250000 250000 250000 500000 250000 250000 500000 23750000 250000 250000 1000000 250000 250000 250000 250000 250000 52500000 250000 250000 250000 250000 1000000 250000 250000 250000 250000 250000 4000000 17500000 250000 1250000 250000 1000000 250000 250000 250000 5250000 250000 250000 750000 250000 250000 500000 250000 2500000 2500000
250000 250000 250000 500000 250000 250000 250000 1500000 250000 250000 250000 24500000 250000 1750000 250000 250000 500000 250000 250000 500000 53500000 250000 250000 250000 250000 2000000 250000 500000 500000 250000 250000 250000 250000 19500000 250000 2250000 500000 250000 250000 750000 6500000 250000 250000 1750000 250000 250000 500000 2000000 250000 250000
2000000 2000000 1250000 250000 250000 500000 250000 250000 2500000 250000 250000 27500000 2500000 250000 250000 250000 1500000 250000 250000 750000 54750000 250000 500000 250000 3000000 250000 250000 250000 2000000 250000 250000 250000 250000 250000 22750000 250000 250000 250000 250000 250000 250000 7500000 250000 2250000 250000 250000 500000 250000 250000 250000
250000 250000 250000 250000 250000 1000000 500000 250000 250000 3250000 250000 28000000 250000 250000 250000 2750000 250000 250000 250000 250000 250000 56250000 250000 3750000 250000 250000 500000 250000 2500000 250000 500000 250000 500000 24000000 250000 250000 250000 250000 1000000 250000 250000 250000 10500000 250000 250000 250000 250000 250000 500000 500000
500000 500000 250000 250000 500000 250000 2500000 250000 250000 250000 32000000 250000 250000 250000 250000 3250000 500000 250000 250000 250000 250000 250000 60750000 250000 250000 250000 1000000 250000 250000 3750000 250000 250000 25500000 250000 250000 500000 250000 250000 250000 2250000 250000 250000 250000 11500000 500000 250000 500000 250000 500000 500000
250000 250000 250000 500000 750000 250000 2750000 250000 250000 32750000 250000 250000 750000 250000 250000 250000 4250000 250000 250000 750000 250000 250000 250000 61500000 250000 250000 1750000 250000 250000 250000 4250000 250000 25750000 250000 250000 1000000 250000 500000 250000 2500000 250000 500000 250000 250000 12500000 250000 750000 250000 250000 250000
0 0 250000 500000 750000 250000 2750000 250000 250000 32750000 250000 250000 750000 250000 250000 250000 4250000 250000 250000 750000 250000 250000 250000 61500000 250000 250000 1750000 250000 250000 250000 4250000 250000 25750000 250000 250000 1000000 250000 500000 250000 2500000 250000 500000 250000 250000 12500000 250000 750000 250000 0 0
