0.00000 0.00000 0.00000 0.00000 0.00000 0.00000 0.00000 0.00000 0.00000 0.00000 0.00000 0.00000 0.00000 0.00000 0.00000 0.00000 0.00000 0.00000 0.00000 0.00000 0.00000 0.00000 0.00000 0.00000 0.00000 0.00000 0.00000 0.00000 0.00000 0.00000 0.00000 0.00000 0.00000 0.00000 0.00000 0.00000 0.00000 0.00000 0.00000 0.00000 0.00000 0.00000 0.00000 0.00000 0.00000 0.00000 0.00000 0.00000 0.00000 0.00000
0.00000 0.01200 0.01200 0.00608 0.01200 0.00700 0.01200 0.00443 0.01200 0.01200 0.00907 0.01200 0.01200 0.01200 0.00280 0.01200 0.00907 0.00907 0.00907 0.01200 0.01200 0.00326 0.01200 0.00907 0.00777 0.00777 0.00647 0.01200 0.01200 0.00271 0.01200 0.01200 0.01200 0.01200 0.00351 0.01200 0.01200 0.00700 0.01200 0.00907 0.01200 0.00358 0.01200 0.00647 0.01200 0.00907 0.00907 0.00907 0.01200 0.00000
0.00000 0.01200 0.01000 0.00577 0.01000 0.00577 0.01000 0.01000 0.00267 0.01000 0.01000 0.01000 0.01000 0.00081 0.01000 0.00577 0.01000 0.01000 0.01000 0.01000 0.00132 0.01000 0.00500 0.01000 0.00707 0.00707 0.00500 0.01000 0.00577 0.00071 0.01000 0.01000 0.01000 0.00500 0.01000 0.00162 0.01000 0.00707 0.01000 0.01000 0.01000 0.00160 0.01000 0.00577 0.01000 0.01000 0.01000 0.01000 0.01200 0.00000
0.00000 0.00907 0.01000 0.01000 0.00999 0.00707 0.01000 0.00378 0.00500 0.01000 0.01000 0.00707 0.00082 0.01000 0.01000 0.01000 0.01000 0.01000 0.00577 0.00146 0.01000 0.00378 0.01000 0.00707 0.01000 0.01000 0.00577 0.01000 0.01000 0.01000 0.00073 0.01000 0.01000 0.00707 0.01000 0.00167 0.01000 0.01000 0.01000 0.01000 0.00171 0.01000 0.01000 0.01000 0.01000 0.01000 0.01000 0.01000 0.01200 0.00000
0.00000 0.01200 0.01000 0.01000 0.01000 0.01001 0.01000 0.00500 0.00707 0.01000 0.01000 0.00354 0.01000 0.00086 0.00378 0.00707 0.01000 0.01000 0.01000 0.00333 0.00171 0.01000 0.00408 0.01000 0.01000 0.01000 0.01000 0.01000 0.00577 0.00075 0.01000 0.00354 0.01000 0.01000 0.01000 0.00174 0.00707 0.01000 0.01000 0.00316 0.01000 0.00218 0.01000 0.01000 0.01000 0.00707 0.00354 0.00316 0.00418 0.00000
0.00000 0.00383 0.00186 0.00577 0.01000 0.01000 0.01000 0.00707 0.01000 0.01000 0.00408 0.01000 0.00089 0.01000 0.01000 0.00577 0.01000 0.01000 0.00408 0.01000 0.00177 0.01000 0.01000 0.00577 0.01000 0.01001 0.01000 0.00999 0.01000 0.00076 0.01000 0.01000 0.00500 0.01000 0.01000 0.00186 0.01000 0.01000 0.00408 0.01000 0.00577 0.01000 0.00258 0.01000 0.01000 0.00577 0.01000 0.00316 0.01200 0.00000
0.00000 0.01200 0.01000 0.00213 0.00500 0.00707 0.01000 0.01000 0.01000 0.00577 0.01000 0.01000 0.00089 0.00333 0.00354 0.01000 0.01000 0.01000 0.00577 0.01000 0.01000 0.00189 0.00577 0.01000 0.01000 0.01000 0.00500 0.01000 0.01000 0.00076 0.00707 0.01000 0.01000 0.01000 0.01000 0.00196 0.01000 0.01000 0.00707 0.00707 0.00707 0.01000 0.00289 0.01000 0.01000 0.01000 0.00378 0.01000 0.01200 0.00000
0.00000 0.01200 0.01000 0.01000 0.00250 0.01000 0.00707 0.01000 0.01000 0.01000 0.01000 0.01000 0.00094 0.01000 0.01000 0.00447 0.00707 0.01000 0.01000 0.01000 0.00218 0.01000 0.00707 0.01000 0.01000 0.01000 0.00707 0.00354 0.00100 0.00122 0.01000 0.00707 0.01000 0.01000 0.00577 0.00500 0.00250 0.01000 0.01000 0.01000 0.01000 0.01000 0.00333 0.01000 0.01000 0.00500 0.01000 0.01000 0.00907 0.00000
0.00000 0.00647 0.00577 0.01000 0.01000 0.00277 0.01000 0.01000 0.01000 0.00707 0.00500 0.00302 0.00095 0.01000 0.01000 0.01000 0.01000 0.01000 0.01000 0.00500 0.01000 0.00267 0.01000 0.01000 0.01000 0.00577 0.01000 0.01000 0.00105 0.01000 0.00125 0.00707 0.01000 0.01000 0.00707 0.01000 0.00577 0.00316 0.00577 0.01000 0.01000 0.00500 0.01000 0.01000 0.01000 0.01000 0.01000 0.00707 0.00777 0.00000
0.00000 0.00907 0.01000 0.01000 0.01000 0.01000 0.00378 0.00577 0.01000 0.01000 0.00500 0.01000 0.01000 0.00102 0.01000 0.01000 0.01000 0.01001 0.01000 0.01000 0.00408 0.01000 0.00447 0.01000 0.01000 0.00707 0.00302 0.00107 0.01000 0.01000 0.00130 0.01000 0.01000 0.00999 0.01000 0.01000 0.01000 0.00447 0.01000 0.01000 0.01000 0.01000 0.01000 0.00707 0.01000 0.01000 0.01000 0.01000 0.00907 0.00000
0.00000 0.00700 0.00577 0.00707 0.01000 0.01000 0.01000 0.01000 0.01000 0.01000 0.01000 0.01000 0.00500 0.01000 0.00106 0.01000 0.00500 0.01000 0.01001 0.01000 0.00577 0.01000 0.00707 0.01000 0.01000 0.00577 0.01000 0.01000 0.00115 0.01000 0.01000 0.00135 0.00707 0.01000 0.00999 0.00999 0.01000 0.00707 0.01000 0.01000 0.01000 0.01000 0.01000 0.01000 0.00447 0.00707 0.01000 0.00577 0.00700 0.00000
0.00000 0.00777 0.00707 0.01000 0.01000 0.00577 0.01000 0.00707 0.01000 0.00996 0.00998 0.01000 0.01000 0.01000 0.01000 0.00109 0.01000 0.00577 0.01000 0.01001 0.01000 0.01000 0.01000 0.00983 0.01000 0.01000 0.01000 0.00119 0.01000 0.01000 0.00707 0.01000 0.00144 0.01000 0.00447 0.00707 0.00999 0.01000 0.01000 0.00707 0.00316 0.00277 0.00258 0.01000 0.01000 0.00177 0.01000 0.01000 0.01200 0.00000
0.00000 0.01200 0.01000 0.01000 0.00258 0.01000 0.00500 0.01000 0.00999 0.00999 0.00577 0.00999 0.00997 0.01000 0.00500 0.01000 0.00117 0.01000 0.00707 0.00707 0.01001 0.01006 0.01004 0.01002 0.00704 0.01000 0.00146 0.01000 0.00218 0.01000 0.01000 0.01000 0.01000 0.00152 0.00707 0.00999 0.00999 0.00998 0.01000 0.00500 0.01000 0.01000 0.01000 0.00218 0.00209 0.01000 0.00169 0.00130 0.01200 0.00000
0.00000 0.01200 0.00213 0.00224 0.01000 0.00333 0.00707 0.01000 0.00999 0.00577 0.00243 0.00277 0.00999 0.01001 0.01000 0.00577 0.01000 0.00125 0.00447 0.00707 0.01001 0.01005 0.00578 0.00378 0.01000 0.00152 0.01000 0.01000 0.00229 0.00577 0.01003 0.00999 0.01000 0.00189 0.00378 0.00408 0.00577 0.00999 0.01000 0.01000 0.01000 0.01000 0.00707 0.01000 0.01000 0.01000 0.00213 0.01000 0.00327 0.00000
0.00000 0.00386 0.01000 0.01000 0.01000 0.01000 0.01000 0.00999 0.01000 0.00192 0.01000 0.00999 0.00354 0.00997 0.01001 0.01000 0.00995 0.00134 0.01000 0.01000 0.01001 0.01001 0.01004 0.01000 0.00167 0.01000 0.00707 0.01001 0.00267 0.01001 0.01005 0.00999 0.00229 0.01000 0.00408 0.00999 0.00999 0.01000 0.01000 0.01000 0.01000 0.00577 0.01000 0.01000 0.01000 0.00229 0.01000 0.01000 0.01200 0.00000
0.00000 0.01200 0.00447 0.00707 0.01000 0.01000 0.01000 0.01000 0.00177 0.01000 0.00500 0.00999 0.00707 0.00499 0.00987 0.01020 0.00501 0.00995 0.00144 0.00354 0.00500 0.01001 0.01001 0.00707 0.00192 0.01000 0.01001 0.01001 0.00302 0.01001 0.00998 0.00408 0.00316 0.00999 0.00577 0.00999 0.01000 0.01000 0.00500 0.01000 0.01000 0.00707 0.00333 0.00289 0.00258 0.01000 0.01000 0.01000 0.00907 0.00000
0.00000 0.01200 0.01000 0.01000 0.01000 0.01000 0.00707 0.00167 0.01000 0.00999 0.00999 0.00998 0.01004 0.00987 0.00968 0.01034 0.01020 0.01000 0.00160 0.01000 0.01001 0.01001 0.01001 0.00500 0.01000 0.00236 0.01000 0.01003 0.00354 0.01003 0.00576 0.00998 0.00354 0.00999 0.00999 0.00998 0.01000 0.00500 0.00302 0.01000 0.01000 0.01000 0.01000 0.01000 0.01000 0.01000 0.01000 0.00707 0.00777 0.00000
0.00000 0.00907 0.01000 0.01000 0.00707 0.01000 0.00111 0.01000 0.01000 0.01001 0.01001 0.01002 0.01004 0.01009 0.01013 0.01005 0.00578 0.00447 0.00302 0.00224 0.01001 0.01001 0.01001 0.01001 0.01001 0.00250 0.01001 0.01007 0.00578 0.01006 0.00704 0.00998 0.00500 0.00998 0.01000 0.01000 0.01000 0.01000 0.00577 0.00236 0.01000 0.01000 0.01001 0.01000 0.01000 0.01000 0.01000 0.00707 0.00777 0.00000
0.00000 0.01200 0.01000 0.01000 0.00105 0.00107 0.01000 0.00158 0.01000 0.00243 0.00258 0.00289 0.00333 0.00500 0.01012 0.01011 0.01004 0.01001 0.00316 0.01001 0.00243 0.01001 0.01002 0.01001 0.00354 0.01001 0.00500 0.01001 0.01007 0.01012 0.00984 0.00996 0.00998 0.00996 0.01000 0.00577 0.01000 0.01000 0.01000 0.01000 0.00213 0.00577 0.01000 0.01000 0.00500 0.00707 0.01000 0.01000 0.00907 0.00000
0.00000 0.00295 0.00096 0.00097 0.01000 0.01000 0.00707 0.01000 0.00167 0.01000 0.01001 0.01002 0.01004 0.01009 0.01019 0.00995 0.00994 0.01001 0.00354 0.01001 0.01001 0.00277 0.01001 0.01001 0.00500 0.01001 0.01001 0.01002 0.01000 0.01000 0.01001 0.01000 0.01000 0.01000 0.01000 0.00408 0.00707 0.01000 0.01000 0.01000 0.01000 0.00186 0.01000 0.01000 0.01000 0.00333 0.01000 0.01000 0.01200 0.00000
0.00000 0.01200 0.01000 0.01000 0.00302 0.01000 0.01000 0.00707 0.01000 0.00267 0.01000 0.01001 0.00708 0.01001 0.00999 0.00577 0.00998 0.01002 0.00578 0.01002 0.01002 0.00354 0.00708 0.01002 0.01002 0.01002 0.01000 0.01000 0.00707 0.00577 0.01000 0.01000 0.00500 0.00707 0.01000 0.01000 0.00289 0.01000 0.00707 0.01000 0.01000 0.01000 0.00171 0.01000 0.01000 0.00707 0.00277 0.01000 0.00261 0.00000
0.00000 0.00907 0.01000 0.01000 0.01000 0.00378 0.01000 0.01001 0.01001 0.01000 0.00316 0.00447 0.01001 0.00999 0.00707 0.00408 0.00998 0.00998 0.01002 0.01003 0.01002 0.00500 0.01002 0.01003 0.01000 0.01000 0.01000 0.00707 0.00500 0.00447 0.01000 0.01000 0.01000 0.00333 0.01000 0.01000 0.01000 0.00243 0.01000 0.00707 0.01000 0.01000 0.00167 0.01000 0.01000 0.01000 0.01000 0.00061 0.01200 0.00000
0.00000 0.00907 0.01000 0.01000 0.01000 0.01000 0.00577 0.00707 0.01000 0.01001 0.01001 0.01001 0.01001 0.00999 0.00500 0.00316 0.00577 0.00998 0.00999 0.00999 0.01003 0.01003 0.01003 0.01000 0.01000 0.00277 0.00250 0.00218 0.00192 0.00171 0.01000 0.00707 0.01000 0.01000 0.00289 0.01000 0.01000 0.01000 0.00083 0.00082 0.01000 0.01000 0.01000 0.00071 0.00070 0.01000 0.01000 0.00063 0.01200 0.00000
0.00000 0.00647 0.00500 0.00707 0.01000 0.01000 0.01000 0.01000 0.01000 0.01000 0.01000 0.01000 0.01000 0.01000 0.00140 0.01000 0.00999 0.00999 0.00577 0.00999 0.00999 0.00999 0.01000 0.00577 0.00354 0.01000 0.01000 0.00707 0.01000 0.01000 0.00139 0.00134 0.00131 0.01000 0.00106 0.00105 0.01000 0.00090 0.01000 0.01000 0.00080 0.00080 0.00079 0.01000 0.01000 0.00064 0.00063 0.01000 0.01200 0.00000
0.00000 0.00777 0.00707 0.01000 0.01000 0.01000 0.00577 0.00577 0.01000 0.00447 0.00707 0.01000 0.01000 0.00134 0.01000 0.00171 0.01000 0.00267 0.00333 0.00353 0.00499 0.00998 0.01000 0.01000 0.01000 0.01000 0.01000 0.01000 0.00707 0.00267 0.01000 0.01000 0.01000 0.00116 0.01000 0.01000 0.00092 0.01000 0.01000 0.00577 0.01000 0.01000 0.01000 0.01000 0.00162 0.01000 0.00707 0.01000 0.01200 0.00000
0.00000 0.00907 0.01000 0.01000 0.00707 0.01000 0.00101 0.01000 0.00108 0.01000 0.01000 0.01000 0.00121 0.01000 0.01000 0.01000 0.00183 0.00354 0.00500 0.00999 0.00999 0.00999 0.01005 0.01004 0.01004 0.01004 0.01000 0.00577 0.00333 0.01000 0.01000 0.01000 0.00289 0.01000 0.01000 0.01000 0.00200 0.01000 0.01000 0.01000 0.01000 0.01000 0.01000 0.00174 0.00707 0.01000 0.01000 0.01000 0.00907 0.00000
0.00000 0.01200 0.01000 0.01000 0.00096 0.00098 0.01000 0.00105 0.01000 0.00113 0.00115 0.00117 0.01000 0.00354 0.01000 0.00999 0.00378 0.00999 0.00707 0.00706 0.00999 0.01005 0.01004 0.00501 0.00579 0.01003 0.01000 0.01000 0.00577 0.01000 0.01000 0.00354 0.01000 0.01000 0.01000 0.00224 0.01000 0.01000 0.01001 0.01000 0.00267 0.00250 0.00189 0.01000 0.00707 0.01000 0.00982 0.01000 0.00907 0.00000
0.00000 0.01200 0.01000 0.00094 0.01000 0.01000 0.01000 0.01000 0.01000 0.01000 0.01000 0.01000 0.01000 0.01000 0.00447 0.00707 0.00999 0.00500 0.00999 0.00999 0.01004 0.00709 0.01004 0.01003 0.00302 0.01003 0.01004 0.01000 0.01000 0.00707 0.00447 0.01000 0.01000 0.00707 0.00267 0.00577 0.01000 0.01001 0.00707 0.00316 0.01000 0.00447 0.00447 0.01000 0.01000 0.01044 0.01022 0.00703 0.01200 0.00000
0.00000 0.00275 0.00075 0.00126 0.01000 0.01000 0.01000 0.01000 0.01000 0.01000 0.01000 0.01000 0.01000 0.01000 0.00999 0.00999 0.00999 0.00999 0.00999 0.01006 0.00709 0.00378 0.01002 0.01002 0.00278 0.00578 0.01003 0.01004 0.01000 0.01000 0.01000 0.01000 0.00707 0.00354 0.00577 0.01000 0.01000 0.01001 0.00500 0.00707 0.01001 0.00577 0.00577 0.01002 0.01075 0.00724 0.00354 0.00316 0.00477 0.00000
0.00000 0.01200 0.01000 0.01000 0.00129 0.00132 0.01000 0.01000 0.00200 0.00213 0.00229 0.00250 0.00316 0.00354 0.00500 0.00707 0.01000 0.01000 0.00999 0.01003 0.01001 0.01002 0.00316 0.01001 0.00224 0.00578 0.00709 0.01004 0.01007 0.01006 0.01006 0.01000 0.00577 0.00707 0.01000 0.01000 0.01002 0.01001 0.01001 0.01001 0.01001 0.01001 0.01004 0.01002 0.01037 0.00724 0.01023 0.01007 0.01200 0.00000
0.00000 0.00400 0.01000 0.01000 0.01000 0.01000 0.00139 0.00144 0.01000 0.01000 0.01000 0.01000 0.00577 0.01000 0.01000 0.01000 0.01000 0.00500 0.01000 0.01003 0.00501 0.00378 0.00354 0.00174 0.01001 0.01002 0.00578 0.01003 0.01005 0.00579 0.00709 0.01005 0.01000 0.01000 0.01002 0.01002 0.00708 0.01001 0.01001 0.01001 0.01003 0.01019 0.01009 0.01000 0.01034 0.01032 0.01025 0.01028 0.00913 0.00000
0.00000 0.01200 0.00209 0.01000 0.01000 0.01000 0.00707 0.01000 0.00229 0.01000 0.00500 0.01000 0.01000 0.01000 0.01000 0.01000 0.00354 0.00707 0.01000 0.01003 0.01003 0.01002 0.00578 0.00147 0.01001 0.00408 0.01002 0.01004 0.00709 0.01002 0.00316 0.00578 0.01005 0.01003 0.00578 0.00354 0.00302 0.01001 0.00500 0.00707 0.01001 0.01009 0.00500 0.01005 0.01048 0.00515 0.00835 0.00788 0.01200 0.00000
0.00000 0.01200 0.01000 0.00224 0.01000 0.01000 0.01000 0.00707 0.01000 0.00267 0.01000 0.00707 0.01000 0.01000 0.01000 0.00277 0.01000 0.01000 0.01000 0.01003 0.01002 0.01003 0.01002 0.01001 0.00132 0.00707 0.01002 0.00708 0.01001 0.00243 0.00578 0.01004 0.01007 0.01003 0.01002 0.01002 0.01001 0.00224 0.00192 0.00707 0.01001 0.01003 0.00354 0.01000 0.01004 0.01031 0.00360 0.00657 0.01200 0.00000
0.00000 0.00907 0.01000 0.01000 0.00250 0.01000 0.01000 0.01000 0.01000 0.00577 0.00500 0.01000 0.01000 0.01000 0.00707 0.00224 0.00408 0.00577 0.01000 0.01002 0.00501 0.01002 0.01002 0.01001 0.00129 0.01001 0.01002 0.01001 0.00209 0.01001 0.01006 0.01006 0.01030 0.00991 0.01002 0.00708 0.00447 0.01001 0.00707 0.00174 0.01000 0.01001 0.00316 0.00707 0.01000 0.00707 0.01000 0.00100 0.00299 0.00000
0.00000 0.00907 0.01000 0.01000 0.01000 0.00302 0.01000 0.01000 0.01000 0.01000 0.01000 0.01000 0.01000 0.00707 0.00189 0.00577 0.01000 0.01000 0.01003 0.01002 0.01002 0.00378 0.01001 0.00707 0.00126 0.00707 0.01001 0.01001 0.00167 0.00289 0.01003 0.00581 0.01022 0.00993 0.00703 0.01002 0.01001 0.01001 0.01000 0.00378 0.00154 0.01000 0.01000 0.00118 0.01000 0.00108 0.00107 0.01000 0.01200 0.00000
0.00000 0.00907 0.01000 0.01000 0.01000 0.01000 0.00378 0.00577 0.01000 0.01000 0.01000 0.01000 0.01000 0.00171 0.01000 0.01000 0.01000 0.01003 0.00708 0.00447 0.01001 0.01001 0.00316 0.01001 0.01001 0.00121 0.01000 0.00156 0.00707 0.01003 0.00354 0.00711 0.01027 0.00994 0.00499 0.00994 0.01002 0.00708 0.00500 0.01000 0.01000 0.00134 0.00131 0.01000 0.00112 0.01000 0.01000 0.01000 0.00907 0.00000
0.00000 0.01200 0.01000 0.00500 0.01000 0.01000 0.01000 0.01000 0.01000 0.01000 0.00500 0.01000 0.00160 0.01000 0.01000 0.01000 0.00997 0.01004 0.00708 0.00578 0.00302 0.01001 0.01001 0.00277 0.01000 0.01000 0.00094 0.00709 0.01002 0.01006 0.01006 0.00994 0.01011 0.00708 0.00353 0.00995 0.00996 0.01002 0.01001 0.00577 0.00316 0.01000 0.01000 0.00577 0.00707 0.01000 0.01000 0.01000 0.01200 0.00000
0.00000 0.00443 0.00250 0.01000 0.00500 0.00707 0.01000 0.01000 0.01000 0.01000 0.00707 0.00144 0.01000 0.01000 0.01000 0.00500 0.01000 0.01002 0.01001 0.01001 0.01001 0.00267 0.01000 0.01000 0.00250 0.00091 0.01000 0.01001 0.01021 0.00946 0.01001 0.01014 0.00996 0.00998 0.00289 0.00998 0.00576 0.00996 0.01001 0.01001 0.00500 0.01001 0.01001 0.01000 0.01000 0.01000 0.00707 0.00500 0.00578 0.00000
0.00000 0.01200 0.01000 0.00354 0.00707 0.01000 0.01000 0.00500 0.01000 0.01000 0.00707 0.00139 0.01000 0.01000 0.00378 0.00707 0.01000 0.01001 0.00500 0.01001 0.01000 0.01000 0.00243 0.01000 0.00084 0.01000 0.00577 0.01001 0.00946 0.00568 0.00579 0.00988 0.00706 0.00998 0.00277 0.00378 0.00706 0.00996 0.01000 0.01001 0.01001 0.01001 0.01000 0.01000 0.01000 0.01000 0.01000 0.01000 0.01200 0.00000
0.00000 0.00907 0.01000 0.01000 0.01000 0.01000 0.00378 0.01000 0.01000 0.01000 0.01000 0.00135 0.01000 0.01000 0.00302 0.01000 0.01001 0.01001 0.01001 0.00378 0.00333 0.01000 0.01000 0.00078 0.01000 0.00577 0.01001 0.01002 0.01025 0.00713 0.00316 0.00997 0.00998 0.00500 0.00200 0.00577 0.00997 0.01000 0.00707 0.01000 0.01000 0.01000 0.00707 0.00500 0.00277 0.00250 0.00236 0.01000 0.01200 0.00000
0.00000 0.01200 0.01000 0.01000 0.00250 0.00267 0.00577 0.01000 0.01000 0.00500 0.01000 0.00115 0.00229 0.00236 0.00577 0.01000 0.01001 0.00500 0.01000 0.01000 0.01000 0.00289 0.00075 0.01000 0.00577 0.01001 0.01001 0.00997 0.00998 0.00998 0.00997 0.00277 0.00999 0.00174 0.00999 0.00998 0.00997 0.01000 0.00447 0.00577 0.01000 0.01000 0.00707 0.00447 0.01000 0.01000 0.01000 0.00192 0.01200 0.00000
0.00000 0.00383 0.00186 0.00196 0.01000 0.01000 0.01000 0.01000 0.01000 0.00577 0.00108 0.01000 0.01000 0.01000 0.01000 0.01000 0.01000 0.00577 0.00333 0.00707 0.01000 0.01000 0.00074 0.00577 0.01000 0.01001 0.01000 0.00997 0.00500 0.00353 0.00999 0.00999 0.00141 0.00999 0.00998 0.00998 0.00998 0.01000 0.00707 0.00277 0.01000 0.01000 0.01000 0.01000 0.01000 0.00707 0.00408 0.01000 0.00383 0.00000
0.00000 0.01200 0.01000 0.00707 0.00447 0.00707 0.01000 0.01000 0.01000 0.01000 0.01000 0.00105 0.00707 0.01000 0.01000 0.01000 0.01001 0.01000 0.00577 0.00250 0.01000 0.00073 0.00707 0.01000 0.01001 0.00707 0.01000 0.00997 0.00998 0.00999 0.00289 0.00999 0.00137 0.00999 0.00999 0.00577 0.00999 0.00999 0.01000 0.01000 0.00236 0.01000 0.01000 0.01000 0.01000 0.00707 0.01000 0.01000 0.01200 0.00000
0.00000 0.00907 0.01000 0.01000 0.01000 0.01000 0.01000 0.00707 0.01000 0.01000 0.00707 0.00103 0.01000 0.01000 0.00500 0.01000 0.01000 0.01000 0.01000 0.01000 0.00069 0.01000 0.01000 0.01001 0.01000 0.00500 0.01000 0.01000 0.01000 0.00998 0.00999 0.00250 0.00120 0.01000 0.00447 0.01000 0.00500 0.00999 0.01000 0.01000 0.00218 0.01000 0.01000 0.00577 0.01000 0.01000 0.00707 0.01000 0.00516 0.00000
0.00000 0.01200 0.01000 0.00707 0.01000 0.01000 0.01000 0.00408 0.01000 0.01000 0.01000 0.00101 0.01000 0.00378 0.01000 0.01000 0.00707 0.01000 0.01000 0.00707 0.00068 0.01000 0.01000 0.01000 0.01000 0.00354 0.01000 0.00707 0.00707 0.01000 0.00999 0.00999 0.01000 0.00113 0.01000 0.00333 0.00707 0.00999 0.01000 0.00577 0.00196 0.01000 0.01000 0.00378 0.01000 0.01000 0.00707 0.00354 0.01200 0.00000
0.00000 0.00554 0.00447 0.01000 0.01000 0.00707 0.01000 0.01000 0.00316 0.01000 0.01000 0.00095 0.00316 0.01000 0.01000 0.01000 0.00408 0.01000 0.01000 0.00577 0.00068 0.01000 0.00707 0.01000 0.00289 0.01000 0.01000 0.01000 0.00354 0.01000 0.01000 0.01000 0.01000 0.01000 0.00105 0.01000 0.00999 0.01000 0.01000 0.01000 0.01000 0.00183 0.01000 0.00333 0.01000 0.01000 0.00707 0.01000 0.01200 0.00000
0.00000 0.01200 0.01000 0.01000 0.01000 0.00500 0.00707 0.01000 0.01000 0.00277 0.01000 0.00094 0.01000 0.01000 0.01000 0.00302 0.01000 0.01000 0.01000 0.01000 0.01000 0.00067 0.01000 0.00258 0.01000 0.01000 0.00707 0.01000 0.00316 0.01000 0.00707 0.01000 0.00707 0.00102 0.01000 0.01000 0.01000 0.01000 0.00500 0.01000 0.01000 0.01000 0.00154 0.01000 0.01000 0.01000 0.01000 0.01000 0.00907 0.00000
0.00000 0.00907 0.01000 0.01000 0.00707 0.01000 0.00316 0.01000 0.01000 0.01000 0.00088 0.01000 0.01000 0.01000 0.01000 0.00277 0.00707 0.01000 0.01000 0.01000 0.01000 0.01000 0.00064 0.01000 0.01000 0.01000 0.00500 0.01000 0.01000 0.00258 0.01000 0.01000 0.00099 0.01000 0.01000 0.00707 0.01000 0.01000 0.01000 0.00333 0.01000 0.01000 0.01000 0.00147 0.00707 0.01000 0.00707 0.01000 0.00907 0.00000
0.00000 0.01200 0.01200 0.00907 0.00777 0.01200 0.00502 0.01200 0.01200 0.00287 0.01200 0.01200 0.00777 0.01200 0.01200 0.01200 0.00443 0.01200 0.01200 0.00777 0.01200 0.01200 0.01200 0.00264 0.01200 0.01200 0.00578 0.01200 0.01200 0.01200 0.00443 0.01200 0.00299 0.01200 0.01200 0.00700 0.01200 0.00907 0.01200 0.00516 0.01200 0.00907 0.01200 0.01200 0.00341 0.01200 0.00777 0.01200 0.01200 0.00000
0.00000 0.00000 0.00000 0.00000 0.00000 0.00000 0.00000 0.00000 0.00000 0.00000 0.00000 0.00000 0.00000 0.00000 0.00000 0.00000 0.00000 0.00000 0.00000 0.00000 0.00000 0.00000 0.00000 0.00000 0.00000 0.00000 0.00000 0.00000 0.00000 0.00000 0.00000 0.00000 0.00000 0.00000 0.00000 0.00000 0.00000 0.00000 0.00000 0.00000 0.00000 0.00000 0.00000 0.00000 0.00000 0.00000 0.00000 0.00000 0.00000 0.00000
