0.00
0.00
0.00
0.00
0.00
0.00
0.00
0.00
0.00
0.00
0.00
0.00
0.00
0.00
0.00
0.00
0.00
0.00
0.00
0.00
0.00
0.00
0.00
0.00
0.00
0.00
0.00
0.00
0.00
0.00
0.00
0.00
0.00
0.00
0.00
0.00
0.00
0.00
0.00
0.00
0.00
0.00
0.00
0.00
0.00
0.00
0.00
0.00
0.00
0.00
0.00
5.00
5.00
2.04
5.00
2.50
5.00
1.21
5.00
5.00
3.54
5.00
5.00
5.00
0.40
5.00
3.54
3.54
3.54
5.00
5.00
0.63
5.00
3.54
2.89
2.89
2.24
5.00
5.00
0.36
5.00
5.00
5.00
5.00
0.75
5.00
5.00
2.50
5.00
3.54
5.00
0.79
5.00
2.24
5.00
3.54
3.54
3.54
5.00
0.00
0.00
5.00
9.11
4.93
9.11
5.39
8.28
6.21
3.10
8.10
8.54
8.62
5.97
0.97
5.40
4.48
8.54
8.54
8.54
6.57
1.57
5.63
4.17
8.54
6.42
6.42
4.74
8.60
3.60
0.71
5.71
8.30
9.29
4.29
5.75
1.90
6.90
6.04
9.57
8.54
6.59
1.59
6.59
5.12
9.31
8.54
8.54
8.54
5.00
0.00
0.00
3.54
8.54
9.93
11.99
8.92
10.78
5.78
5.60
10.17
10.09
5.08
1.55
5.97
8.04
9.48
11.55
10.49
5.49
2.60
6.57
4.24
9.17
9.17
11.42
11.42
7.62
10.67
7.78
5.71
1.22
6.22
10.80
7.83
7.73
2.73
7.73
11.04
12.11
7.80
2.80
6.59
8.66
10.12
12.19
11.51
9.44
7.67
5.00
0.00
0.00
5.00
6.84
8.91
11.80
13.93
12.85
8.28
9.14
12.67
9.05
4.05
6.55
2.16
4.05
7.58
12.58
12.56
9.27
4.27
3.81
8.81
7.13
12.13
16.24
14.69
12.62
9.64
4.64
1.75
6.22
3.72
8.72
12.83
8.61
3.61
7.14
12.14
10.04
5.04
7.80
4.35
9.35
13.24
12.98
7.98
4.44
2.67
1.09
0.00
0.00
0.91
1.84
4.73
9.73
12.92
15.35
11.81
14.14
11.94
6.94
7.78
2.78
7.16
9.05
8.13
13.13
12.15
7.15
9.27
4.69
9.69
12.13
11.21
16.21
15.60
13.53
11.70
7.13
2.13
7.13
8.72
7.26
12.26
9.53
4.53
9.53
12.93
7.93
10.04
8.43
9.35
6.17
11.17
13.52
8.52
8.33
3.33
5.00
0.00
0.00
5.00
6.84
3.35
5.85
9.38
14.38
16.81
16.02
11.02
11.94
8.23
3.23
4.90
6.66
11.67
15.20
14.22
10.04
11.77
9.69
6.03
8.92
13.92
18.28
13.53
8.53
9.99
7.52
2.52
6.05
11.05
12.26
14.33
10.51
5.51
10.51
14.35
11.46
12.93
11.97
12.62
7.62
12.62
15.59
11.00
6.00
8.33
5.00
0.00
0.00
5.00
9.31
8.35
5.12
10.12
12.08
17.08
18.09
15.25
12.75
8.70
3.70
8.70
11.67
9.83
13.36
17.11
15.04
12.57
7.57
11.03
11.03
15.99
17.16
13.53
8.53
4.99
3.22
3.13
8.13
9.01
14.01
14.60
9.60
8.01
7.28
12.28
16.46
17.93
16.97
14.28
9.28
14.28
14.54
9.54
11.00
8.54
3.54
0.00
0.00
2.24
5.12
10.12
10.12
7.08
12.08
16.82
16.72
11.72
8.18
5.68
4.17
9.17
11.96
14.83
16.90
20.44
16.11
11.11
12.57
9.46
14.46
18.10
15.09
10.09
11.01
8.75
3.75
8.13
4.01
7.55
12.55
16.67
13.01
13.01
10.17
9.52
12.40
17.40
17.82
12.82
14.28
16.35
16.61
14.54
11.42
6.42
2.89
0.00
0.00
3.54
8.54
12.19
14.15
12.08
9.75
12.64
17.64
14.22
9.22
10.68
9.17
4.89
9.89
12.71
14.95
17.02
18.18
16.11
12.35
14.46
12.63
17.63
14.54
9.54
6.01
4.50
8.75
9.66
4.66
9.66
12.68
16.22
18.01
17.24
15.17
11.75
16.59
19.48
19.89
17.82
16.81
11.81
11.81
12.19
12.46
8.54
3.54
0.00
0.00
2.50
5.39
8.92
13.92
14.46
14.75
16.82
19.71
16.29
14.22
13.43
8.43
9.89
5.64
10.64
9.95
14.95
18.40
19.42
15.24
19.42
16.16
19.70
15.09
10.09
11.01
9.50
5.32
10.32
9.66
5.62
9.15
13.70
15.87
17.94
18.82
15.29
18.82
18.08
16.01
14.43
13.04
11.81
6.81
7.19
10.39
5.39
2.50
0.00
0.00
2.89
6.42
11.42
10.38
9.46
14.46
16.27
21.27
18.94
16.89
15.50
13.43
12.71
10.64
6.41
11.41
11.32
16.32
20.20
20.24
22.31
21.16
20.21
17.16
14.26
11.16
6.16
10.32
12.39
10.61
10.61
6.64
11.64
10.88
14.41
19.41
20.29
19.55
14.55
11.01
9.43
8.04
11.22
8.65
3.65
7.40
6.56
5.00
0.00
0.00
5.00
7.44
8.55
5.38
10.38
11.27
16.27
17.25
15.18
11.90
15.39
17.45
14.95
9.95
11.41
7.24
12.24
13.12
15.36
20.37
22.11
19.21
17.13
13.25
12.19
7.19
11.16
7.70
12.70
15.61
13.70
11.64
7.71
11.25
16.25
19.49
22.37
19.55
14.55
16.01
14.43
11.22
6.22
5.13
7.40
2.40
1.56
5.00
0.00
0.00
5.00
2.44
3.55
8.55
7.74
11.27
16.27
14.36
10.18
9.01
10.40
15.39
17.02
14.95
11.32
12.24
8.12
10.36
13.90
18.90
20.03
15.01
12.12
13.27
8.27
12.19
13.85
8.85
11.73
16.75
17.34
13.66
8.66
10.39
12.43
15.31
20.31
21.62
19.55
20.77
16.22
11.22
11.22
10.13
8.06
3.06
5.64
0.64
0.00
0.00
0.93
5.93
8.55
10.63
12.74
14.81
13.00
10.93
7.29
12.29
15.39
12.90
17.88
18.40
16.32
13.77
8.79
13.79
16.58
18.66
21.16
19.21
14.45
9.45
13.27
13.27
15.19
10.18
15.19
18.83
15.28
10.28
13.66
11.55
16.54
19.49
20.90
18.83
20.90
18.70
13.70
14.62
12.95
9.69
4.69
8.06
7.71
5.00
0.00
0.00
5.00
4.09
7.63
12.63
14.11
11.75
9.68
5.93
10.93
10.83
15.82
16.43
16.43
21.37
17.42
12.33
13.77
9.81
11.58
14.08
19.08
18.95
13.94
10.41
15.41
18.27
16.70
11.69
16.70
18.16
13.17
11.86
16.86
14.43
18.61
20.90
18.40
13.83
18.40
18.16
13.16
9.62
7.95
6.51
9.69
11.76
8.54
3.54
0.00
0.00
5.00
9.09
11.16
10.72
10.58
7.04
4.68
9.68
13.00
15.82
17.89
21.45
21.37
23.30
19.62
17.42
15.61
10.61
15.61
18.66
21.16
18.95
13.94
15.41
12.07
17.08
18.47
13.46
18.47
17.25
18.16
13.63
18.62
19.43
21.49
18.83
13.83
11.33
14.19
16.26
16.69
14.62
12.95
11.51
13.58
11.42
6.42
2.89
0.00
0.00
3.54
8.54
9.25
5.72
7.72
3.50
8.50
11.69
12.52
13.81
15.26
16.94
19.04
21.57
21.69
16.66
13.78
12.12
12.19
17.20
20.99
21.02
18.95
18.33
13.32
18.33
20.57
16.35
20.57
20.77
20.69
16.13
20.69
21.63
19.56
20.90
17.08
12.08
9.19
12.53
13.91
15.98
15.66
13.59
13.59
11.42
6.42
2.89
0.00
0.00
5.00
5.96
6.44
2.18
2.72
7.72
4.62
9.62
7.52
8.81
10.25
11.92
14.42
19.47
23.80
20.87
18.70
13.70
17.20
13.91
18.91
22.95
20.83
15.82
18.33
16.86
21.87
21.38
23.49
25.69
23.18
21.12
23.18
18.74
14.56
17.32
19.15
16.26
12.53
7.53
8.91
13.09
13.59
8.59
8.59
12.13
8.54
3.54
0.00
0.00
0.48
0.96
1.44
6.44
7.72
7.72
9.62
5.80
10.80
13.81
15.26
16.94
19.04
21.61
21.70
23.75
20.47
15.47
20.47
18.91
15.87
20.88
22.90
18.33
22.90
21.87
23.94
23.91
22.03
24.11
21.99
19.92
19.92
16.67
11.67
12.32
15.85
16.74
14.60
11.02
6.02
9.71
11.78
10.06
5.06
7.70
7.37
5.00
0.00
0.00
5.00
5.96
6.44
3.57
8.57
12.72
10.80
10.80
7.69
12.69
17.00
17.17
22.17
20.59
16.72
20.89
22.55
18.36
22.55
22.65
17.64
20.88
25.41
23.33
25.41
24.57
22.44
18.91
17.03
21.22
19.92
14.92
14.92
18.46
13.78
8.78
11.74
11.74
13.15
13.09
9.71
4.71
9.71
11.23
6.23
2.70
5.30
0.30
0.00
0.00
3.54
8.54
10.64
8.57
6.25
11.25
15.81
14.77
12.69
9.93
12.16
17.17
19.12
15.59
13.84
18.83
21.74
23.37
25.45
24.72
20.14
24.72
27.97
23.67
21.60
20.21
17.50
15.37
14.15
18.98
18.54
16.39
11.39
14.03
15.85
11.74
6.74
10.03
8.15
11.68
8.85
3.85
7.67
7.32
9.39
5.74
0.74
5.00
0.00
0.00
3.54
8.54
11.81
13.32
11.25
10.33
13.86
18.86
17.00
14.93
17.00
19.24
16.63
12.06
11.79
14.68
19.67
23.03
25.09
27.23
25.15
27.23
26.17
21.60
16.60
15.21
13.96
12.87
11.91
15.70
13.54
14.34
14.03
9.03
12.06
12.73
10.03
5.03
4.61
9.03
8.63
7.67
2.67
2.32
6.82
6.05
1.05
5.00
0.00
0.00
2.24
4.74
8.27
13.27
13.26
11.18
12.38
14.45
12.97
15.04
18.57
15.64
13.57
9.56
14.56
17.84
18.95
18.03
22.38
24.45
26.94
26.99
21.99
19.10
21.60
20.21
17.50
17.87
15.70
10.70
10.00
9.34
12.59
7.59
7.06
10.66
5.66
10.03
9.03
4.03
3.63
3.23
7.67
6.82
1.82
1.50
6.05
5.00
0.00
0.00
2.89
6.42
11.42
10.63
10.37
6.19
7.38
9.81
7.97
11.50
14.69
12.62
8.57
13.57
10.77
15.77
13.95
15.62
17.38
19.88
24.87
29.06
26.17
24.10
26.17
24.57
21.12
16.12
12.59
15.70
15.00
13.41
8.41
12.59
11.31
6.31
10.66
12.74
8.11
9.03
8.63
8.23
7.97
2.97
6.82
5.04
8.57
5.00
0.00
0.00
3.54
8.54
9.17
5.63
7.59
3.30
8.30
4.81
9.81
11.18
11.77
7.62
12.62
15.64
15.77
12.06
13.83
16.33
21.32
24.45
26.94
26.36
24.28
23.63
25.71
22.83
17.83
14.94
17.59
19.66
15.45
10.45
13.41
15.48
12.31
7.31
12.31
15.18
13.11
13.12
11.79
9.20
4.20
6.50
10.04
10.04
8.54
3.54
0.00
0.00
5.00
8.49
6.42
2.10
2.59
7.59
4.04
9.04
5.61
6.18
6.77
11.77
10.12
15.12
18.95
13.95
18.83
18.83
21.32
26.32
24.72
24.28
19.26
18.61
22.81
24.90
22.02
17.83
22.02
17.95
12.95
15.45
17.52
13.90
8.90
12.31
14.39
17.43
13.12
8.12
6.78
5.53
9.20
9.20
13.57
13.32
8.54
3.54
0.00
0.00
5.00
5.75
1.42
6.42
7.59
9.66
9.04
11.11
10.61
11.18
11.77
13.84
15.12
13.28
16.82
18.95
17.49
22.48
25.89
23.25
19.70
23.25
20.73
15.72
20.73
24.01
24.90
22.83
19.65
16.11
17.95
19.32
14.32
10.79
11.78
15.97
18.90
13.89
10.36
13.12
8.70
7.77
12.61
14.20
12.09
9.83
6.37
5.00
0.00
0.00
0.37
0.75
1.38
6.38
7.95
10.02
13.14
11.07
12.14
13.28
14.53
16.11
17.88
18.28
20.35
23.88
22.48
24.55
24.72
19.70
16.15
18.49
19.22
14.21
16.91
21.93
26.36
26.72
23.18
21.11
21.82
16.82
13.29
13.67
16.78
18.85
18.90
13.89
13.89
15.77
11.58
10.66
14.85
13.67
8.34
4.74
2.97
1.39
0.00
0.00
5.00
5.75
6.38
2.29
2.95
7.95
9.66
6.07
7.14
8.28
9.53
11.11
12.88
15.38
18.92
23.92
25.11
27.17
24.36
21.84
18.49
13.48
16.25
12.82
15.71
19.26
23.40
24.76
22.67
22.12
22.37
17.37
16.82
18.67
20.74
20.99
20.97
18.90
18.90
18.66
16.59
15.67
17.74
15.01
9.84
9.83
8.00
5.00
0.00
0.00
1.00
6.00
9.36
7.29
7.95
3.93
4.66
9.66
12.14
13.28
14.53
13.62
17.88
19.95
22.45
21.57
20.11
25.11
22.28
17.27
14.76
12.87
11.24
16.25
17.22
16.30
21.32
21.35
17.64
17.09
20.65
22.37
21.82
21.29
19.21
15.98
18.77
16.69
18.77
21.28
17.60
15.45
17.49
14.46
12.31
12.80
8.68
3.56
0.00
0.00
5.00
2.47
7.47
11.13
11.01
7.47
9.66
6.28
11.28
11.70
16.70
18.62
20.69
21.14
19.07
16.57
20.11
25.11
24.36
21.85
18.27
13.26
10.37
14.33
12.22
17.22
19.62
16.32
16.32
13.55
16.44
21.47
22.11
17.10
14.21
12.44
15.31
11.69
14.19
18.44
15.04
10.41
15.01
12.38
7.16
7.57
8.41
5.00
0.00
0.00
5.00
7.47
4.06
9.06
12.89
12.47
11.28
11.28
8.17
13.17
16.70
21.70
21.71
19.07
14.07
19.07
21.80
24.68
23.71
21.64
20.35
17.45
14.33
9.33
12.87
17.87
14.60
14.60
11.31
14.20
19.22
23.55
24.19
21.29
19.21
15.31
10.31
9.19
11.36
14.90
12.93
7.91
12.45
12.92
8.67
3.53
4.33
5.00
0.00
0.00
3.54
8.54
9.06
5.82
10.82
15.03
16.28
15.24
11.06
11.70
16.70
20.37
18.17
14.64
12.68
14.73
17.61
22.61
21.64
16.63
18.09
18.64
13.67
8.67
13.67
17.75
14.60
9.60
14.60
17.11
21.31
23.86
25.76
22.02
17.01
13.47
15.31
11.36
7.83
11.60
11.15
6.15
7.45
9.36
5.82
5.99
0.99
0.50
0.00
0.00
3.54
8.54
12.89
10.82
7.96
12.96
17.70
18.13
16.05
16.70
18.77
16.84
13.30
11.10
13.99
18.99
21.80
20.36
18.28
18.09
13.09
15.42
11.56
8.02
10.67
14.21
12.38
8.56
10.00
15.01
16.60
21.70
22.25
18.74
20.55
18.48
18.44
13.49
8.49
6.60
10.51
8.91
3.91
7.29
2.29
1.75
5.99
5.00
0.00
0.00
3.54
8.54
11.00
13.07
12.96
10.63
13.52
18.52
18.03
15.96
15.62
13.55
9.77
14.77
18.17
21.06
21.82
16.81
13.27
15.11
15.42
10.41
13.18
12.13
7.13
11.27
7.38
10.91
15.01
12.50
16.05
21.16
19.77
15.23
19.77
20.57
15.56
12.02
13.49
10.51
5.51
4.84
8.08
3.08
7.29
6.75
8.54
3.54
0.00
0.00
5.00
7.46
6.00
11.00
15.57
15.63
17.70
20.58
15.96
10.96
12.42
8.55
13.55
16.84
20.21
22.27
21.55
16.53
12.99
10.11
12.98
13.18
8.18
11.22
10.61
6.27
9.81
14.46
18.02
17.53
19.53
21.02
15.97
12.73
17.71
19.86
19.10
15.63
10.63
7.74
10.51
9.84
7.16
6.61
10.15
11.46
8.96
5.00
0.00
0.00
1.21
2.46
7.46
8.50
12.03
17.03
17.13
19.21
15.96
10.96
7.42
12.42
15.62
16.68
15.22
20.21
20.13
18.05
17.19
12.98
7.97
11.09
11.22
6.21
5.61
10.61
13.35
17.01
18.48
17.59
19.74
19.19
15.96
10.97
15.80
14.88
19.86
17.71
14.82
10.24
14.82
14.23
12.16
11.61
12.93
7.93
4.39
1.89
0.00
0.00
5.00
7.46
4.96
8.50
13.50
13.60
12.13
17.13
15.24
10.24
6.70
11.70
16.68
11.68
14.79
19.79
18.05
13.04
14.51
12.62
11.09
6.08
9.37
4.96
9.97
9.69
14.70
18.48
13.72
12.58
16.69
14.21
14.21
9.52
10.81
14.34
19.32
21.45
17.32
15.25
17.32
16.15
13.65
11.58
10.19
8.94
8.96
5.00
0.00
0.00
3.54
8.54
9.96
9.59
10.93
8.60
13.60
15.12
13.05
11.01
6.01
11.01
12.66
9.79
14.79
17.15
15.07
14.51
9.51
7.62
10.26
8.82
4.37
9.37
9.05
14.05
16.77
18.35
13.24
9.69
12.44
13.78
9.22
8.14
11.02
16.01
19.98
16.45
17.64
19.71
17.61
12.61
9.08
6.58
5.19
3.94
7.27
5.00
0.00
0.00
5.00
6.84
7.82
4.59
5.93
8.81
13.81
13.05
8.05
9.52
5.33
6.48
7.66
10.54
15.54
15.07
10.07
11.54
12.71
10.26
5.26
3.82
8.82
8.45
13.46
16.13
19.44
16.94
14.88
12.44
7.45
10.49
6.72
11.72
15.19
18.07
17.91
12.91
12.64
16.82
18.27
13.27
9.74
11.58
10.19
7.27
2.27
5.00
0.00
0.00
0.91
1.84
2.82
7.82
10.93
13.00
15.88
12.40
7.40
4.52
8.75
10.82
12.66
14.73
17.61
14.42
9.42
6.53
7.71
9.99
7.92
3.44
6.33
11.33
15.53
20.25
17.37
12.39
9.89
12.38
10.49
5.49
10.49
13.78
15.49
17.55
18.29
13.29
9.75
12.79
14.86
16.81
14.74
13.70
8.70
5.16
5.91
0.91
0.00
0.00
5.00
6.84
6.36
5.98
9.52
14.52
16.68
14.47
11.59
8.75
3.75
7.28
12.28
15.00
17.07
16.50
12.07
7.06
4.18
7.41
2.92
6.46
10.52
13.40
13.18
16.71
19.44
16.94
12.38
7.39
9.78
4.78
9.78
11.41
10.49
13.34
15.41
16.82
12.79
7.79
12.79
17.05
14.98
15.16
10.16
10.16
7.98
5.00
0.00
0.00
3.54
8.54
11.36
10.98
13.06
15.22
11.68
15.22
11.76
6.76
3.22
8.22
11.46
10.00
15.00
16.10
14.14
11.25
7.41
2.41
7.41
9.99
13.53
14.21
9.64
14.21
17.04
15.58
14.45
10.34
5.35
4.10
8.25
6.41
9.81
8.34
13.34
15.48
11.61
6.61
11.61
14.16
9.98
14.16
14.08
9.08
6.58
1.58
0.00
0.00
5.00
8.84
9.00
14.00
15.16
13.15
8.15
10.26
12.33
7.71
2.71
7.71
6.46
11.46
14.64
11.10
14.64
10.60
5.60
2.06
7.06
11.25
11.71
9.64
7.14
12.14
12.04
10.58
14.11
12.41
10.34
8.25
3.25
7.45
4.81
8.34
13.34
13.41
8.41
5.52
9.13
11.20
7.09
12.09
12.62
7.62
4.08
5.00
0.00
0.00
1.77
4.00
9.00
13.70
10.16
11.63
10.26
5.26
8.02
7.21
2.21
3.79
8.79
11.75
9.68
7.57
12.57
9.61
4.61
1.72
6.24
6.24
7.60
4.64
9.64
12.93
12.04
7.04
12.04
13.04
11.59
8.78
6.71
2.45
7.45
11.87
13.86
11.78
12.59
9.13
4.13
7.84
5.20
10.20
14.08
9.08
9.08
5.00
0.00
0.00
5.00
8.84
11.08
11.42
6.63
6.63
10.16
8.02
3.02
6.06
1.73
6.73
10.86
9.68
4.68
9.68
11.82
11.68
8.79
6.24
1.24
5.77
2.60
7.60
11.46
7.93
10.28
5.28
8.04
8.04
8.06
4.52
1.71
6.71
9.52
13.11
11.78
6.78
8.25
10.32
7.84
2.84
6.75
8.82
11.31
11.42
8.54
3.54
0.00
0.00
3.54
8.54
8.54
6.42
8.09
3.09
8.09
7.51
5.44
1.06
6.06
7.89
9.96
8.17
3.17
4.75
8.28
9.96
7.89
8.32
5.77
0.77
5.32
7.39
8.96
4.39
8.96
8.04
3.04
6.21
5.99
0.99
5.99
8.78
6.04
9.57
8.54
8.25
3.25
8.25
8.54
6.75
1.75
4.24
7.78
6.42
8.54
3.54
0.00
0.00
5.00
5.00
3.54
2.89
5.00
1.51
5.00
5.00
0.44
5.00
5.00
2.89
5.00
5.00
5.00
1.21
5.00
5.00
2.89
5.00
5.00
5.00
0.32
5.00
5.00
1.89
5.00
5.00
5.00
1.21
5.00
0.49
5.00
5.00
2.50
5.00
3.54
5.00
1.58
5.00
3.54
5.00
5.00
0.71
5.00
2.89
5.00
5.00
0.00
0.00
0.00
0.00
0.00
0.00
0.00
0.00
0.00
0.00
0.00
0.00
0.00
0.00
0.00
0.00
0.00
0.00
0.00
0.00
0.00
0.00
0.00
0.00
0.00
0.00
0.00
0.00
0.00
0.00
0.00
0.00
0.00
0.00
0.00
0.00
0.00
0.00
0.00
0.00
0.00
0.00
0.00
0.00
0.00
0.00
0.00
0.00
0.00
0.00
0.00
